5.5184, 1
59.305, 1
77.7061, 2
57.3822, 2
63.9304, 3
61.4666, 3
53.0645, 4
59.8158, 4
58.4214, 5
60.4632, 5
59.8229, 6
64.637, 6
60.6576, 7
58.3635, 7
58.827, 8
59.8659, 8
58.7682, 9
58.4351, 9
53.0054, 10
64.9856, 10
58.4146, 11
58.5928, 11
56.5226, 12
64.1108, 12
60.2119, 13
61.1323, 13
59.5841, 14
61.0909, 14
58.7682, 15
56.5388, 15
59.2347, 16
58.1361, 16
50.1227, 17
71.9892, 17
62.1505, 18
57.458, 18
60.4338, 19
56.1705, 19
60.5949, 20
61.0129, 20
59.6373, 21
49.5442, 21
65.8415, 22
64.6078, 22
55.3985, 23
62.8457, 23
58.9692, 24
56.1167, 24
57.7467, 25
64.2261, 25
60.3936, 26
61.2035, 26
59.4073, 27
53.1459, 27
67.2272, 28
58.2243, 28
59.2872, 29
51.9805, 29
71.0177, 30
59.6409, 30
60.361, 31
57.5473, 31
56.0006, 32
62.5936, 32
57.3364, 33
58.2817, 33
59.7156, 34
62.5469, 34
58.2992, 35
54.8695, 35
64.3002, 36
62.1043, 36
62.1079, 37
61.755, 37
54.6567, 38
62.7434, 38
59.2416, 39
59.563, 39
61.2857, 40
61.2258, 40
57.435, 41
56.6281, 41
60.5584, 42
60.5951, 42
56.7891, 43
65.4236, 43
60.6573, 44
54.8487, 44
59.2453, 45
60.0925, 45
56.1295, 46
61.9694, 46
64.7959, 47
54.2064, 47
61.9003, 48
51.4061, 48
69.9885, 49
61.8697, 49
58.0249, 50
57.7167, 50
60.1106, 51
64.2343, 51
64.3254, 52
56.3951, 52
59.5596, 53
59.8656, 53
64.562, 54
59.9379, 54
53.4357, 55
62.5665, 55
60.2266, 56
59.5055, 56
61.6492, 57
54.4658, 57
69.711, 58
53.462, 58
56.3183, 59
58.7932, 59
62.6951, 60
60.2846, 60
59.9238, 61
61.9726, 61
57.0095, 62
64.2923, 62
54.3008, 63
60.1179, 63
66.6175, 64
50.9525, 64
63.525, 65
56.5705, 65
61.6637, 66
56.7473, 66
59.6977, 67
58.255, 67
60.5982, 68
66.6048, 68
52.2629, 69
63.8937, 69
51.2557, 70
60.4158, 70
55.5743, 71
59.2659, 71
65.0915, 72
57.8876, 72
59.1605, 73
58.8344, 73
53.9724, 74
57.8668, 74
66.8671, 75
54.5437, 75
64.4079, 76
64.1027, 76
55.4509, 77
57.7267, 77
65.5995, 78
58.4694, 78
54.3564, 79
55.8161, 79
58.7438, 80
59.0215, 80
56.6576, 81
68.7895, 81
63.0912, 82
58.7684, 82
51.6, 83
57.9676, 83
58.6953, 84
59.1547, 84
58.1662, 85
58.7339, 85
58.9377, 86
60.2085, 86
58.6961, 87
64.6033, 87
58.0117, 88
56.9275, 88
57.8908, 89
57.494, 89
67.0971, 90
55.4905, 90
58.1291, 91
57.039, 91
56.6377, 92
64.1684, 92
58.7133, 93
59.1923, 93
55.6296, 94
59.1438, 94
57.5903, 95
58.3913, 95
62.6053, 96
68.9184, 96
62.9124, 97
54.9029, 97
60.1213, 98
55.7323, 98
70.0873, 99
51.6954, 99
58.0077, 100
66.7118, 100
56.2111, 101
67.3492, 101
61.82, 102
50.8518, 102
66.534, 103
54.9748, 103
54.0949, 104
69.9739, 104
65.7466, 105
54.5409, 105
53.5329, 106
62.0964, 106
64.1969, 107
56.7181, 107
69.5031, 108
71.6179, 108
52.1783, 109
67.4944, 109
56.8118, 110
57.3259, 110
58.238, 111
56.2873, 111
58.5617, 112
58.0719, 112
66.6757, 113
23.5294, 114
96.4141, 114
56.0316, 114
71.8917, 115
58.4556, 115
61.3974, 116
57.2648, 116
58.0077, 117
58.7619, 117
62.8285, 118
60.8205, 118
62.2393, 119
53.6562, 119
57.9884, 120
60.5991, 120
54.8691, 121
60.1472, 121
53.2421, 122
76.7008, 122
64.7709, 123
46.4836, 123
58.41, 124
57.472, 124
81.156, 125
51.3794, 125
66.8415, 126
48.2859, 126
53.3844, 127
75.3504, 127
51.6324, 128
60.0559, 128
57.4027, 129
66.2105, 129
72.6865, 130
65.4134, 130
52.9999, 131
62.5829, 131
58.3336, 132
59.143, 132
65.0865, 133
56.6706, 133
52.4931, 134
57.0716, 134
63.6697, 135
57.7839, 135
69.968, 136
62.8097, 136
56.8935, 137
56.3221, 137
66.4707, 138
58.5797, 138
63.2434, 139
55.9838, 139
54.1956, 140
77.8395, 140
58.027, 141
50.824, 141
65.036, 142
51.3266, 142
59.9049, 143
57.5082, 143
67.9944, 144
51.64, 144
58.0414, 145
64.3575, 145
62.0771, 146
56.4084, 146
70.6707, 147
51.23, 147
61.538, 148
55.6141, 148
51.0492, 149
55.423, 149
63.5212, 150
63.1463, 150
58.167, 151
67.1497, 151
54.849, 152
69.7934, 152
56.5926, 153
48.0888, 153
80.784, 154
58.8509, 154
51.2213, 155
55.4509, 155
64.7409, 156
55.8288, 156
66.8458, 157
58.9551, 157
68.7388, 158
47.6366, 158
42.8594, 159
58.6173, 159
83.2699, 160
59.4751, 160
72.596, 161
56.3781, 161
64.8771, 162
60.1869, 162
54.3093, 163
62.5549, 163
57.293, 164
64.1115, 164
59.1397, 165
57.9276, 165
55.3338, 166
56.6599, 166
53.4048, 167
62.4115, 167
52.2537, 168
55.2333, 168
59.7769, 169
41.8618, 169
67.2272, 170
55.9883, 170
66.102, 171
77.7616, 171
48.8255, 172
82.7148, 172
52.3908, 173
74.4674, 173
42.2881, 174
72.413, 174
35.6756, 175
52.2446, 175
71.5605, 176
59.0714, 176
79.7063, 177
46.204, 177
60.8576, 178
80.9055, 178
57.431, 179
64.1233, 179
61.9049, 180
58.9933, 180
47.6117, 181
60.946, 181
79.9311, 182
67.8054, 182
42.4791, 183
77.7414, 183
47.6149, 184
67.0552, 184
54.4489, 185
74.661, 185
55.3426, 186
52.8343, 186
48.838, 187
60.4018, 187
63.0476, 188
76.4408, 188
52.4957, 189
54.5792, 189
50.6485, 190
63.3715, 190
53.1382, 191
61.4622, 191
63.8811, 192
66.8053, 192
66.6037, 193
57.4609, 193
64.9233, 194
45.7833, 194
69.7261, 195
72.4305, 195
61.7445, 196
57.958, 196
59.6765, 197
61.4766, 197
59.5106, 198
56.8334, 198
61.6302, 199
51.843, 199
53.5111, 200
62.2577, 200
63.6948, 201
60.6674, 201
62.2208, 202
46.6334, 202
83.151, 203
58.3645, 203
67.0767, 204
61.2182, 204
62.0202, 205
55.1664, 205
67.7375, 206
65.7147, 206
65.824, 207
51.4917, 207
62.6128, 208
59.9152, 208
55.6362, 209
64.135, 209
60.8205, 210
56.0256, 210
67.8383, 211
53.3219, 211
61.0311, 212
58.8278, 212
57.974, 213
58.7503, 213
61.0685, 214
46.8627, 214
56.2556, 215
72.5859, 215
75.2882, 216
40.8531, 216
68.6016, 217
71.0033, 217
45.5121, 218
65.135, 218
72.9596, 219
56.1697, 219
57.5114, 220
70.7016, 220
49.0103, 221
71.0369, 221
61.8046, 222
58.0961, 222
65.971, 223
54.2657, 223
46.8648, 224
71.4581, 224
70.8426, 225
53.548, 225
91.8273, 226
47.6485, 226
53.5247, 227
68.0209, 227
63.5655, 228
45.5813, 228
73.636, 229
64.6451, 229
57.6283, 230
62.7195, 230
54.8935, 231
60.6131, 231
59.3019, 232
61.7045, 232
58.3093, 233
53.2164, 233
51.4815, 234
125.069, 234
43.7344, 235
92.3042, 235
45.248, 236
47.5868, 236
83.3791, 237
51.9921, 237
70.2046, 238
53.5425, 238
49.9084, 239
70.2422, 239
52.0799, 240
62.7326, 240
69.585, 241
63.3083, 241
65.7126, 242
41.8376, 242
48.5272, 243
57.409, 243
53.7676, 244
71.8843, 244
50.0824, 245
71.3414, 245
50.0012, 246
58.9055, 246
63.961, 247
68.0982, 247
65.0602, 248
39.205, 248
57.4248, 249
50.9339, 249
49.3285, 250
51.2902, 250
44.2811, 251
67.1949, 251
53.1086, 252
62.3151, 252
70.6588, 253
60.8046, 253
62.0202, 254
47.1058, 254
45.7334, 255
46.4486, 255
41.7144, 256
70.0967, 256
45.0845, 257
77.5058, 257
62.4636, 258
47.1567, 258
69.1308, 259
53.3219, 259
64.5754, 260
60.4227, 260
65.3644, 261
58.0157, 261
49.9203, 262
45.1719, 262
62.1821, 263
80.1357, 263
52.0256, 264
61.4424, 264
61.2737, 265
49.8989, 265
45.1389, 266
66.198, 266
70.7159, 267
57.8461, 267
45.8614, 268
62.6427, 268
53.398, 269
62.3707, 269
76.6615, 270
63.0495, 270
1.63488, 271
100.612, 271
59.2516, 272
63.6774, 272
58.6321, 273
63.1254, 273
61.2414, 274
57.0343, 274
60.5204, 275
59.5274, 275
45.9036, 276
53.3192, 276
91.4828, 277
53.02, 277
53.9114, 278
85.4098, 278
47.0235, 278
56.8889, 279
86.9538, 279
57.687, 280
66.4286, 280
50.5046, 281
69.5296, 281
59.8263, 282
57.7632, 282
56.3085, 283
61.4136, 283
54.6988, 284
54.2432, 284
54.0058, 285
63.6465, 285
59.9221, 286
57.6331, 286
64.1213, 287
55.5331, 287
76.3767, 288
59.8605, 288
60.5518, 289
56.7196, 289
61.4532, 290
56.1156, 290
58.7076, 291
59.6901, 291
58.2154, 292
73.0511, 292
59.7343, 293
63.0609, 293
53.284, 294
64.4722, 294
58.7767, 295
59.8468, 295
55.7813, 296
52.7453, 296
51.8917, 297
100.65, 297
59.1847, 297
62.3373, 298
60.3115, 298
59.2885, 299
62.3077, 299
60.7483, 300
60.2803, 300
60.4506, 301
52.6156, 301
66.3194, 302
54.0447, 302
71.5166, 303
54.2629, 303
59.2985, 304
60.08, 304
59.5376, 305
53.4061, 305
53.4061, 306
80.0684, 306
42.2472, 307
67.6763, 307
74.5574, 308
58.1831, 308
66.627, 309
62.3855, 309
52.679, 310
54.6845, 310
53.6082, 311
89.3165, 311
48.277, 312
49.1966, 312
94.6283, 313
67.1003, 313
60.9, 314
59.2516, 314
61.1308, 315
37.2258, 315
55.2405, 316
105.089, 316
44.9647, 317
58.3158, 317
75.0538, 318
50.473, 318
85.5143, 319
65.8902, 319
61.288, 320
54.2882, 320
64.0117, 321
55.8109, 321
42.2064, 322
80.7342, 322
33.1304, 323
53.4225, 323
94.6625, 324
51.5271, 324
40.2277, 325
67.8602, 325
75.3017, 326
59.2449, 326
65.5033, 327
48.2437, 327
68.2578, 328
57.112, 328
56.9662, 329
49.3471, 329
95.7079, 330
56.366, 330
62.419, 331
50.3542, 331
75.6112, 332
57.0623, 332
68.8223, 333
43.0397, 333
54.2432, 334
76.2157, 334
68.8313, 335
48.175, 335
72.0374, 336
63.7975, 336
59.4599, 337
57.1431, 337
63.9181, 338
56.6033, 338
48.6307, 339
51.4841, 339
67.1389, 340
70.735, 340
56.1156, 341
58.6649, 341
66.2649, 342
62.1784, 342
58.7536, 343
63.3045, 343
46.5124, 344
53.7676, 344
81.9264, 345
58.5895, 345
59.8673, 346
57.9132, 346
59.7479, 347
60.7166, 347
60.6709, 348
62.9927, 348
58.08, 349
60.3532, 349
62.4859, 350
51.9792, 350
53.6493, 351
60.4924, 351
84.311, 352
55.8407, 352
60.2561, 353
57.1244, 353
62.6801, 354
57.6172, 354
58.5797, 355
62.3151, 355
47.2076, 356
46.8952, 356
80.3999, 357
63.782, 357
45.7254, 358
55.1882, 358
72.3056, 359
54.2601, 359
53.1786, 360
86.559, 360
64.8871, 361
60.6218, 361
61.2379, 362
54.6703, 362
49.7474, 363
85.3056, 363
53.5945, 364
53.8864, 364
75.9507, 365
59.8947, 365
51.5879, 366
73.4606, 366
57.7887, 367
60.6218, 367
62.0863, 368
52.3163, 368
51.8302, 369
90.2544, 369
46.8428, 370
83.095, 370
67.9218, 371
53.953, 371
65.5401, 372
60.8858, 372
56.6859, 373
57.4909, 373
62.789, 374
58.6059, 374
60.5413, 375
52.1032, 375
58.2866, 376
73.8746, 376
57.1027, 377
55.3484, 377
67.4759, 378
58.3547, 378
59.2081, 379
57.9804, 379
54.5026, 380
62.9058, 380
54.6874, 381
64.8671, 381
60.9566, 382
56.9043, 382
60.1662, 383
65.9399, 383
60.3671, 384
52.9397, 384
66.4286, 385
61.9067, 385
56.5148, 386
65.0643, 386
56.9723, 387
59.8366, 387
45.9458, 388
83.049, 388
63.5501, 389
57.5666, 389
67.5368, 390
60.2976, 390
59.8297, 391
58.0607, 391
60.9318, 392
61.6592, 392
58.5502, 393
58.0735, 393
58.4653, 394
60.985, 394
61.0738, 395
58.2057, 395
58.7833, 396
59.6799, 396
57.3086, 397
58.5078, 397
59.4128, 398
51.5296, 398
69.7331, 399
60.1834, 399
65.9067, 400
60.6078, 400
60.2665, 401
61.4172, 401
59.97, 402
59.7207, 402
56.3054, 403
61.1129, 403
60.8187, 404
57.1058, 404
63.782, 405
59.7207, 405
55.9838, 406
63.9454, 406
56.9198, 407
59.6256, 407
58.4686, 408
60.6499, 408
59.7445, 409
59.7071, 409
58.4817, 410
61.1843, 410
59.5748, 411
60.4053, 411
61.5001, 412
51.9946, 412
50.0872, 413
86.1678, 413
56.8303, 414
57.6584, 414
63.5077, 415
59.6663, 415
58.2025, 416
62.8417, 416
61.8264, 417
62.3707, 417
57.6711, 418
61.3274, 418
61.41, 419
59.4937, 419
61.8118, 420
57.91, 420
58.9518, 421
59.7003, 421
59.8947, 422
59.0215, 422
59.3959, 423
60.9885, 423
58.7701, 424
61.6012, 424
57.9772, 425
58.5895, 425
59.0448, 426
58.2704, 426
61.5109, 427
59.1413, 427
60.1938, 428
58.0446, 428
57.6046, 429
59.6969, 429
58.5764, 430
59.158, 430
59.8468, 431
58.6616, 431
60.6569, 432
59.6019, 432
56.6522, 433
58.0864, 433
57.2086, 434
55.8496, 434
63.8791, 435
60.7201, 435
59.7547, 436
57.4248, 436
57.4972, 437
57.7378, 437
57.3776, 438
57.6838, 438
58.7866, 439
60.0284, 439
59.0082, 440
61.3418, 440
59.8195, 441
59.2851, 441
57.5413, 442
57.3462, 442
58.9717, 443
59.2583, 443
64.1841, 444
58.9253, 444
63.4424, 445
56.1517, 445
57.99, 446
68.5702, 446
59.1814, 447
62.1636, 447
57.168, 448
57.025, 448
56.8765, 449
61.9616, 449
60.787, 450
58.2154, 450
63.1977, 451
60.1179, 451
56.5514, 452
61.8264, 452
57.1743, 453
59.8844, 453
59.7956, 454
62.1857, 454
61.4928, 455
56.4479, 455
61.6085, 456
55.5331, 456
60.5134, 457
58.7899, 457
61.2057, 458
60.4506, 458
62.0974, 459
60.0215, 459
60.8293, 460
57.8493, 460
60.0284, 461
61.5434, 461
58.5143, 462
59.4971, 462
59.3623, 463
62.512, 463
60.0284, 464
60.4994, 464
57.1431, 465
57.1431, 465
59.8502, 466
58.8294, 466
56.4236, 467
59.3153, 467
57.9708, 468
59.369, 468
57.5571, 469
58.1057, 469
58.319, 470
57.3996, 470
57.8493, 471
58.7965, 471
61.7318, 472
60.7166, 472
56.1637, 473
64.687, 473
58.0221, 474
58.678, 474
51.0206, 475
73.5121, 475
57.293, 476
63.7587, 476
60.9212, 477
63.1216, 477
56.994, 478
57.1182, 478
51.8892, 479
72.6664, 479
52.4865, 480
71.2929, 480
62.5418, 481
63.1596, 481
57.4562, 482
59.8434, 482
61.9506, 483
58.9883, 483
62.3484, 484
59.3086, 484
60.3046, 485
57.293, 485
59.7071, 486
57.4122, 486
57.9644, 487
66.1479, 487
54.6874, 488
54.676, 488
73.4709, 489
56.7903, 489
56.9445, 490
53.3953, 490
74.7381, 491
57.9708, 491
60.3254, 492
60.7237, 492
57.6711, 493
60.3671, 493
59.7956, 494
60.2699, 494
54.6703, 495
60.3115, 495
63.404, 496
57.025, 496
56.1998, 497
63.782, 497
59.5106, 498
63.1368, 498
58.3645, 499
58.6124, 499
58.6255, 500
58.8889, 500
57.7537, 501
61.1629, 501
57.3996, 502
60.1179, 502
58.6059, 503
58.619, 503
58.1186, 504
58.7569, 504
60.6464, 505
58.4425, 505
60.6394, 506
59.4094, 506
58.6846, 507
59.1614, 507
59.7275, 508
59.148, 508
60.6394, 509
60.6604, 509
62.6315, 510
60.6534, 510
62.6689, 511
61.9872, 511
62.3114, 512
58.5862, 512
62.5045, 513
60.6043, 513
61.7609, 514
59.8366, 514
56.5087, 515
58.6583, 515
58.9949, 516
59.9735, 516
57.6457, 517
55.1244, 517
69.2587, 518
58.6452, 518
58.6452, 519
54.7616, 519
55.165, 520
69.1947, 520
59.8434, 521
58.1573, 521
58.7109, 522
59.4296, 522
60.6674, 523
58.0478, 523
60.5274, 524
60.5973, 524
58.035, 525
62.4747, 525
56.8149, 526
62.7139, 526
54.3247, 527
62.804, 527
62.9548, 528
61.9872, 528
60.5204, 529
62.3336, 529
62.0239, 530
59.5646, 530
59.1147, 531
58.1637, 531
57.9004, 532
65.9814, 532
60.049, 533
60.2976, 533
54.9914, 534
63.1064, 534
62.6464, 535
64.3693, 535
56.6308, 536
65.5688, 536
53.1948, 537
64.0391, 537
56.3569, 538
66.8138, 538
60.3115, 539
60.8434, 539
58.3385, 540
58.724, 540
58.5928, 541
59.128, 541
57.6204, 542
58.6846, 542
58.6977, 543
60.0972, 543
53.1786, 544
64.5278, 544
60.4645, 545
60.5903, 545
58.2348, 546
57.6584, 546
55.8407, 547
57.5319, 547
59.322, 548
58.6649, 548
60.5833, 549
58.0993, 549
63.9688, 550
59.3623, 550
58.7569, 551
59.369, 551
60.4924, 552
57.7473, 552
59.1147, 553
60.7448, 553
58.4751, 554
58.922, 554
60.1179, 555
58.6321, 555
58.41, 556
59.1881, 556
57.7092, 557
55.8109, 557
64.3298, 558
59.2416, 558
58.7701, 559
58.2607, 559
63.6426, 560
63.2663, 560
59.4903, 561
58.319, 561
53.5097, 562
46.7155, 562
45.3536, 563
61.8921, 563
58.9684, 564
63.2587, 564
62.0459, 565
62.8944, 565
59.8024, 566
63.4808, 566
61.6229, 567
60.2422, 567
61.6085, 568
63.7122, 568
63.4501, 569
63.3275, 569
63.3887, 570
63.5578, 570
63.5886, 571
63.1748, 571
63.3504, 572
63.0381, 572
63.1064, 573
62.7439, 573
62.445, 574
62.2596, 574
62.267, 575
62.5941, 575
62.2374, 576
62.512, 576
62.1268, 577
60.9637, 577
60.5204, 578
62.4375, 578
62.5194, 579
62.4004, 579
62.624, 580
62.1268, 580
62.1415, 581
61.5723, 581
61.6302, 582
61.79, 582
60.4088, 583
61.7536, 583
61.464, 584
61.4568, 584
61.3202, 585
61.2271, 585
60.9779, 586
60.8082, 586
58.4165, 587
49.8894, 587
60.4018, 588
47.2757, 588
59.2014, 589
59.3489, 589
59.3019, 590
59.1147, 590
58.0478, 591
55.6392, 591
56.2964, 592
56.8026, 592
57.3808, 593
56.8889, 593
57.387, 594
56.1336, 594
56.3993, 595
56.7964, 595
55.0896, 596
58.0157, 596
54.0893, 597
58.547, 597
59.2148, 598
59.0016, 598
59.2148, 599
58.8096, 599
59.4431, 600
61.1486, 600
71.6632, 601
61.5434, 601
59.3422, 602
58.5862, 602
59.7071, 603
58.4686, 603
58.1508, 604
59.6663, 604
61.1986, 605
59.0414, 605
61.0631, 606
57.8365, 606
57.5256, 607
59.3019, 607
57.9644, 608
57.8174, 608
57.862, 609
59.255, 609
58.209, 610
62.8191, 610
58.0671, 611
63.2053, 611
57.9196, 612
57.7601, 612
55.7457, 613
68.4717, 613
58.4947, 614
62.512, 614
61.6302, 615
59.6935, 615
61.0418, 616
56.8457, 616
58.5078, 617
60.4715, 617
57.8301, 618
57.9965, 618
60.3671, 619
57.8429, 619
56.9136, 620
60.1248, 620
60.78, 621
57.2617, 621
62.1563, 622
66.4244, 622
61.5073, 623
52.4498, 623
66.0645, 624
56.2903, 624
67.9394, 625
61.0774, 625
59.5173, 626
59.8639, 626
60.9495, 627
58.8691, 627
58.8955, 628
55.1418, 628
58.2413, 629
65.1289, 629
58.3125, 630
66.5763, 630
61.1557, 631
60.2561, 631
61.0347, 632
60.6253, 632
57.5571, 633
63.6504, 633
60.0353, 634
57.4877, 634
57.6965, 635
60.4785, 635
58.0929, 636
57.1805, 636
60.3185, 637
55.0549, 637
56.9569, 638
58.2283, 638
60.3532, 639
60.4715, 639
54.8476, 640
61.0489, 640
64.7349, 641
57.1182, 641
59.7615, 642
57.894, 642
64.7109, 643
57.3745, 643
56.8704, 644
57.2242, 644
58.7043, 645
58.8955, 645
58.8559, 646
60.1938, 646
59.4633, 647
55.6628, 647
59.1413, 648
63.7742, 648
57.0436, 649
63.3581, 649
64.2904, 650
59.6527, 650
57.1182, 651
63.3122, 651
63.0912, 652
63.2282, 652
63.1977, 653
56.9631, 653
63.1825, 654
63.527, 654
62.8266, 655
63.5347, 655
60.2976, 656
62.4524, 656
62.7965, 657
62.9095, 657
63.0533, 658
63.3581, 658
63.6117, 659
63.381, 659
63.7045, 660
63.6117, 660
61.9287, 661
63.5578, 661
63.3657, 662
62.6614, 662
63.2587, 663
62.7214, 663
63.0078, 664
62.5941, 664
62.9095, 665
62.8266, 665
62.8944, 666
61.8191, 666
62.4822, 667
60.4785, 667
54.9914, 668
59.4903, 668
59.7547, 669
59.8981, 669
60.1317, 670
60.2076, 670
59.4768, 671
59.2617, 671
60.0421, 672
59.5173, 672
59.6935, 673
60.1386, 673
59.9666, 674
59.9803, 674
60.2699, 675
60.3393, 675
60.4018, 676
59.9255, 676
60.2976, 677
59.9392, 677
60.111, 678
59.5106, 678
59.6188, 679
58.423, 679
59.7275, 680
60.2284, 680
60.6394, 681
60.8788, 681
61.2558, 682
61.3274, 682
61.4424, 683
61.3633, 683
61.5001, 684
61.6955, 684
61.6012, 685
61.6085, 685
60.9637, 686
61.4064, 686
61.6882, 687
61.3059, 687
60.9141, 688
61.2987, 688
61.1486, 689
61.0489, 689
60.78, 690
60.5483, 690
60.787, 691
60.4994, 691
59.9529, 692
60.4158, 692
60.2699, 693
60.1869, 693
60.263, 694
60.1869, 694
60.4158, 695
60.2215, 695
59.9529, 696
60.0147, 696
60.0009, 697
59.8093, 697
59.782, 698
60.4018, 698
60.1386, 699
60.2007, 699
59.9186, 700
59.8161, 700
59.994, 701
59.3825, 701
59.7956, 702
59.3825, 702
59.5038, 703
59.3489, 703
59.2215, 704
58.9353, 704
58.9485, 705
59.0016, 705
59.0681, 706
58.6452, 706
58.8426, 707
58.619, 707
59.1013, 708
58.8228, 708
58.5208, 709
59.5038, 709
59.3153, 710
59.1614, 710
56.1517, 711
58.7635, 711
59.0547, 712
58.6977, 712
59.0016, 713
58.7438, 713
57.8174, 714
58.384, 714
58.8955, 715
58.5535, 715
59.088, 716
58.7833, 716
58.9551, 717
58.5797, 717
58.3905, 718
57.1805, 718
58.1122, 719
58.2801, 719
58.1186, 720
58.196, 720
58.0735, 721
58.2996, 721
57.5129, 722
58.547, 722
58.384, 723
58.1508, 723
58.384, 724
57.7919, 724
57.9644, 725
57.7664, 725
57.9452, 726
57.7537, 726
57.6394, 727
57.4877, 727
57.5129, 728
57.3494, 728
57.3494, 729
56.7534, 729
56.4236, 730
56.4966, 730
56.6859, 731
56.5148, 731
56.9198, 732
56.8396, 732
57.056, 733
56.8334, 733
56.7534, 734
56.5087, 734
56.6125, 735
56.6002, 735
56.4236, 736
56.1276, 736
56.1156, 737
55.9539, 737
55.4216, 738
55.7872, 738
55.9957, 739
55.6865, 739
56.0197, 740
56.1336, 740
55.5802, 741
55.651, 741
55.592, 742
54.8591, 742
54.5849, 743
55.1592, 743
55.3455, 744
54.0503, 744
55.2871, 745
55.0376, 745
55.2871, 746
53.718, 746
54.882, 747
55.1476, 747
55.136, 748
55.1592, 748
54.9511, 749
55.293, 749
55.1128, 750
55.136, 750
54.6988, 751
54.3924, 751
54.8017, 752
54.7045, 752
54.7216, 753
54.5622, 753
54.6874, 754
54.5225, 754
53.7511, 755
54.398, 755
54.1844, 756
54.2629, 756
54.4941, 757
54.3416, 757
54.1508, 758
54.1005, 758
54.0615, 759
53.8837, 759
54.2517, 760
54.1228, 760
53.9502, 761
52.4655, 761
52.5128, 762
53.1732, 762
53.2326, 763
52.476, 763
52.3607, 764
52.7029, 764
51.654, 765
52.937, 765
52.687, 766
52.9049, 766
53.1355, 767
52.7878, 767
51.0306, 768
52.6235, 768
52.7824, 769
52.0385, 769
52.1006, 770
52.9049, 770
47.5415, 771
47.9459, 771
47.8103, 772
52.0902, 772
52.3398, 773
52.4078, 773
52.5655, 774
52.3555, 774
52.3346, 775
52.2772, 775
52.2147, 776
52.1472, 776
52.2043, 777
51.5879, 777
51.3504, 778
52.0799, 778
51.8892, 779
52.2876, 779
52.4498, 780
52.2981, 780
51.9509, 781
51.6235, 781
51.9251, 782
51.7253, 782
51.7815, 783
51.8943, 783
51.8584, 784
51.6642, 784
51.4209, 785
51.3907, 785
51.3806, 786
51.3052, 786
51.5575, 787
51.71, 787
51.8071, 788
51.654, 788
51.6286, 789
51.7049, 789
51.5676, 790
51.8225, 790
51.7458, 791
51.3555, 791
51.3052, 792
51.4714, 792
50.4948, 793
51.2902, 793
51.3354, 794
51.18, 794
50.2288, 795
47.8147, 795
48.8801, 796
49.0493, 796
48.1086, 797
49.2752, 797
51.2801, 798
51.4159, 798
51.5524, 799
51.5981, 799
51.4765, 800
51.3957, 800
51.5575, 801
51.3605, 801
50.9364, 802
50.4123, 802
51.0654, 803
46.3152, 803
50.6607, 804
50.6069, 804
50.9166, 805
50.9364, 805
51.23, 806
51.2, 806
50.9463, 807
50.6363, 807
50.8573, 808
51.0703, 808
50.7392, 809
51.0753, 809
50.4948, 810
49.8467, 810
50.3929, 811
50.3059, 811
50.3929, 812
49.7569, 812
50.1711, 813
50.1663, 813
49.2891, 814
50.3832, 814
50.3397, 815
49.9893, 815
49.7805, 816
49.2012, 816
49.1874, 817
50.3204, 817
50.1471, 818
49.6062, 818
49.1459, 819
49.3494, 819
49.2474, 820
49.7758, 820
47.9766, 821
49.3959, 821
49.5593, 822
49.3355, 822
49.3448, 823
49.4192, 823
49.4425, 824
49.0401, 824
49.8325, 825
49.6109, 825
49.7238, 826
49.4611, 826
49.4425, 827
49.1966, 827
49.6015, 828
49.3912, 828
49.1274, 829
48.9623, 829
49.2335, 830
49.0172, 830
48.9257, 831
48.944, 831
48.6804, 832
48.7619, 832
49.3633, 833
49.2474, 833
49.252, 834
49.6062, 834
49.3448, 835
49.0218, 835
49.1366, 836
47.7233, 836
48.7574, 837
49.4938, 837
49.5172, 838
49.0998, 838
48.8209, 839
48.8664, 839
49.0998, 840
49.1413, 840
49.109, 841
49.2012, 841
48.6307, 842
48.8528, 842
48.9851, 843
48.9577, 843
49.3308, 844
49.0723, 844
49.2752, 845
46.9666, 845
46.7947, 846
46.891, 846
46.9162, 847
47.0256, 847
47.144, 848
46.6905, 848
46.9792, 849
46.7447, 849
47.2672, 850
46.87, 850
47.1864, 851
48.237, 851
48.4018, 852
48.2104, 852
48.2414, 853
48.1971, 853
47.9854, 854
47.7363, 854
47.3526, 855
47.589, 855
46.5951, 856
46.5289, 856
45.5784, 857
46.5579, 857
47.3312, 858
47.8103, 858
47.4254, 859
45.6141, 859
45.9137, 860
46.591, 860
46.1237, 861
46.5372, 861
46.8449, 862
46.3807, 862
45.7454, 863
46.258, 863
46.2172, 864
46.3193, 864
45.7853, 865
44.1394, 865
45.3772, 866
39.6557, 866
41.2598, 867
43.0026, 867
45.0381, 868
44.1506, 868
37.5135, 869
38.2971, 869
43.4733, 870
46.6822, 870
46.7989, 871
46.4383, 871
46.8282, 872
46.352, 872
46.703, 873
46.6407, 873
46.753, 874
43.5708, 874
43.0132, 875
46.6947, 875
45.1272, 876
45.9821, 876
46.2702, 877
46.1481, 877
46.0751, 878
45.7853, 878
45.7574, 879
46.0225, 879
46.0994, 880
45.966, 880
45.6458, 881
45.5665, 881
45.5903, 882
45.7055, 882
45.6936, 883
45.6141, 883
42.7885, 884
44.9762, 884
45.7694, 885
45.5467, 885
45.7454, 886
45.4519, 886
44.5558, 887
37.7321, 887
39.8183, 888
44.9685, 888
45.3536, 889
45.3576, 889
44.3523, 890
45.2362, 890
45.1428, 891
45.135, 891
43.3726, 892
43.2938, 892
42.9779, 893
44.6013, 893
45.0807, 894
45.1272, 894
43.6107, 895
44.0134, 895
44.311, 896
44.6735, 896
44.2886, 897
44.3936, 897
44.4689, 898
44.341, 898
41.5574, 899
43.2509, 899
44.3785, 900
33.1408, 900
44.5975, 901
44.7192, 901
35.4153, 902
43.6616, 902
44.311, 903
44.9184, 903
44.7497, 904
44.7956, 904
44.1394, 905
44.5293, 905
42.9674, 906
44.2886, 906
44.2064, 907
42.6945, 907
44.3485, 908
44.1246, 908
44.2437, 909
44.2587, 909
44.2437, 910
44.1617, 910
44.1023, 911
44.08, 911
44.1766, 912
44.3035, 912
43.9839, 913
44.0949, 913
44.2811, 914
44.1617, 914
43.5311, 915
43.947, 915
42.9815, 916
43.1797, 916
35.8659, 917
44.1246, 917
44.2512, 918
44.341, 918
44.371, 919
44.1023, 919
41.8493, 920
43.8661, 920
43.9397, 921
44.043, 921
43.9544, 922
43.9397, 922
44.0504, 923
44.1766, 923
43.8515, 924
43.6107, 924
43.7417, 925
43.6979, 925
43.2795, 926
43.589, 926
43.9839, 927
43.8002, 927
43.618, 928
42.0912, 928
43.1158, 929
43.1016, 929
42.7362, 930
42.6875, 930
42.9463, 931
43.5455, 931
43.3654, 932
42.806, 932
42.9885, 933
43.1016, 933
43.2938, 934
42.9885, 934
42.5351, 935
42.834, 935
41.9833, 936
43.0733, 936
41.6896, 937
42.5489, 937
43.1868, 938
43.3583, 938
41.876, 939
42.7711, 939
43.0945, 940
42.9956, 940
43.0945, 941
41.2435, 941
42.5904, 942
43.1513, 942
42.6597, 943
42.6389, 943
42.0103, 944
42.7711, 944
41.8493, 945
42.1318, 945
41.4195, 946
41.5508, 946
41.4719, 947
41.3933, 947
41.3411, 948
40.807, 948
41.6168, 949
41.4457, 949
41.2435, 950
41.3542, 950
41.6036, 951
41.3672, 951
41.2241, 952
40.392, 952
41.3737, 953
40.8324, 953
33.591, 954
33.7119, 954
37.3637, 955
39.8093, 955
40.9984, 956
42.0372, 956
41.3607, 957
41.1142, 957
42.4181, 958
42.5075, 958
42.3701, 959
42.0709, 959
41.756, 960
41.0305, 960
41.5706, 961
41.5574, 961
41.263, 962
41.3672, 962
40.807, 963
41.3411, 963
40.6236, 964
41.1271, 964
40.877, 965
40.8897, 965
40.7943, 966
41.2176, 966
40.8706, 967
40.8006, 967
40.826, 968
40.9408, 968
40.9472, 969
41.1788, 969
41.3672, 970
41.1594, 970
40.6362, 971
40.693, 971
40.4606, 972
40.9472, 972
40.9984, 973
40.8197, 973
40.7689, 974
40.6488, 974
40.4169, 975
40.6362, 975
39.4736, 976
40.1507, 976
40.6866, 977
40.2185, 977
40.4668, 978
40.5921, 978
40.5921, 979
39.0386, 979
39.6767, 980
40.9792, 980
41.4326, 981
41.3346, 981
41.3672, 982
41.4391, 982
41.3672, 983
40.9408, 983
40.6993, 984
39.5809, 984
40.7372, 985
39.7489, 985
40.163, 986
40.4169, 986
40.6614, 987
40.7499, 987
40.2803, 988
41.1917, 988
40.8324, 989
40.9664, 989
40.8197, 990
40.8451, 990
41.1594, 991
40.7372, 991
41.1142, 992
40.5294, 992
40.8833, 993
40.6236, 993
40.9856, 994
40.3733, 994
40.4356, 995
40.8642, 995
40.4107, 996
40.5356, 996
40.0893, 997
40.5356, 997
40.4418, 998
40.7689, 998
39.6767, 999
40.2432, 999
40.5106, 1000
40.1261, 1000
40.3609, 1001
38.0084, 1001
39.1377, 1002
39.2372, 1002
38.8592, 1003
40.5984, 1003
40.611, 1004
40.6236, 1004
40.5482, 1005
38.0029, 1005
38.5109, 1006
39.0211, 1006
39.249, 1007
39.432, 1007
39.5331, 1008
39.2784, 1008
39.4142, 1009
39.3196, 1009
39.4557, 1010
39.2843, 1010
39.1143, 1011
39.3078, 1011
38.3364, 1012
39.126, 1012
39.091, 1013
38.6986, 1013
40.1692, 1014
40.2123, 1014
40.2185, 1015
40.3982, 1015
40.1938, 1016
40.1138, 1016
39.6947, 1017
39.9184, 1017
40.0159, 1018
39.8456, 1018
39.9549, 1019
40.1261, 1019
38.888, 1020
39.8456, 1020
39.7549, 1021
39.9793, 1021
38.6472, 1022
39.8395, 1022
39.9305, 1023
39.161, 1023
37.7131, 1024
36.9061, 1024
37.2364, 1025
36.5612, 1025
37.2205, 1026
36.6994, 1026
37.3851, 1027
37.1677, 1027
38.3027, 1028
38.342, 1028
37.6265, 1029
37.3478, 1029
37.3265, 1030
36.6738, 1030
37.5618, 1031
38.0029, 1031
38.8074, 1032
37.2469, 1032
36.1428, 1033
36.293, 1033
37.0993, 1034
36.419, 1034
36.5765, 1035
35.9693, 1035
36.0286, 1036
36.0137, 1036
36.2528, 1037
37.2734, 1037
38.6586, 1038
39.0037, 1038
39.1845, 1039
38.1189, 1039
37.8111, 1040
37.904, 1040
38.1689, 1041
37.3797, 1041
37.9644, 1042
38.1578, 1042
37.8876, 1043
38.1467, 1043
38.1023, 1044
38.3364, 1044
39.361, 1045
39.1435, 1045
39.2138, 1046
39.2138, 1046
39.1377, 1047
39.3965, 1047
39.4202, 1048
39.3019, 1048
39.1786, 1049
39.2902, 1049
38.9342, 1050
39.161, 1050
39.361, 1051
39.1903, 1051
38.8246, 1052
38.3083, 1052
38.7214, 1053
38.7902, 1053
38.67, 1054
38.0029, 1054
38.8074, 1055
38.9921, 1055
39.0328, 1056
39.0037, 1056
38.8017, 1057
38.8419, 1057
38.7214, 1058
38.6871, 1058
38.8189, 1059
38.7271, 1059
38.7558, 1060
38.6244, 1060
38.8017, 1061
38.773, 1061
38.5733, 1062
38.4432, 1062
38.3925, 1063
38.3869, 1063
38.596, 1064
38.5279, 1064
38.596, 1065
38.3139, 1065
38.2023, 1066
38.3139, 1066
38.4206, 1067
38.3532, 1067
38.3364, 1068
38.1689, 1068
38.2524, 1069
38.3644, 1069
38.1745, 1070
37.724, 1070
38.1245, 1071
38.3139, 1071
38.1522, 1072
38.1745, 1072
38.0691, 1073
38.0581, 1073
37.9259, 1074
37.9644, 1074
37.9204, 1075
37.8001, 1075
37.6969, 1076
37.7512, 1076
38.0305, 1077
38.0084, 1077
37.0417, 1078
36.6276, 1078
36.4951, 1079
36.5052, 1079
36.4849, 1080
36.5408, 1080
36.5459, 1081
36.3533, 1081
36.5816, 1082
36.4494, 1082
36.4443, 1083
36.113, 1083
36.419, 1084
36.1229, 1084
36.3332, 1085
36.1927, 1085
36.2077, 1086
36.2678, 1086
36.0335, 1087
36.3786, 1087
36.0088, 1088
35.994, 1088
35.598, 1089
36.3634, 1089
36.3483, 1090
36.293, 1090
36.3634, 1091
36.2428, 1091
37.3053, 1092
37.3159, 1092
37.284, 1093
37.3531, 1093
37.4545, 1094
37.2946, 1094
36.2177, 1095
37.3637, 1095
36.9999, 1096
35.8905, 1096
37.2258, 1097
37.2893, 1097
37.2893, 1098
37.3478, 1098
37.4011, 1099
37.1256, 1099
37.1994, 1100
37.2099, 1100
36.9529, 1101
37.173, 1101
37.3478, 1102
37.1677, 1102
37.2469, 1103
36.9894, 1103
37.1046, 1104
36.9738, 1104
37.0469, 1105
37.1099, 1105
37.2575, 1106
37.0889, 1106
36.9477, 1107
36.8076, 1107
36.8542, 1108
36.9165, 1108
36.1628, 1109
36.7663, 1109
36.7046, 1110
36.818, 1110
36.5459, 1111
36.7715, 1111
36.8801, 1112
36.6943, 1112
36.8542, 1113
36.4494, 1113
36.4798, 1114
36.8076, 1114
36.6789, 1115
36.7715, 1115
36.6584, 1116
36.7767, 1116
36.8905, 1117
34.6843, 1117
35.3914, 1118
36.7612, 1118
36.9165, 1119
36.6943, 1119
36.8801, 1120
35.8659, 1120
35.2297, 1121
35.5932, 1121
34.9852, 1122
34.9432, 1122
34.5745, 1123
35.1258, 1123
34.7671, 1124
34.8318, 1124
35.9545, 1125
35.729, 1125
36.2779, 1126
36.1229, 1126
35.994, 1127
35.3341, 1127
34.7809, 1128
34.2582, 1128
34.1022, 1129
34.2538, 1129
34.2851, 1130
34.5153, 1130
34.479, 1131
33.825, 1131
34.0624, 1132
33.6211, 1132
33.6341, 1133
33.8512, 1133
33.0698, 1134
33.1534, 1134
34.2806, 1135
33.5308, 1135
34.0226, 1136
33.5394, 1136
34.16, 1137
34.1378, 1137
34.2269, 1138
34.0358, 1138
31.8097, 1139
30.8986, 1140
32.9244, 1141
33.3474, 1141
32.9037, 1142
33.7467, 1142
33.0364, 1143
33.1702, 1143
31.9922, 1144
32.1926, 1145
32.9824, 1146
32.3355, 1147
33.1157, 1147
32.9907, 1148
32.5928, 1149
33.4966, 1149
33.5781, 1150
33.5738, 1150
33.5437, 1151
33.5394, 1151
33.4026, 1152
33.4069, 1152
33.9389, 1153
33.5781, 1153
33.6557, 1154
33.738, 1154
34.0358, 1155
33.5051, 1155
33.5437, 1156
32.9534, 1156
32.7067, 1157
33.7989, 1157
32.9409, 1158
32.7475, 1159
32.5281, 1159
33.5953, 1160
33.0489, 1160
33.0115, 1161
33.7336, 1161
32.8955, 1162
33.9961, 1162
34.0845, 1163
34.57, 1163
34.0358, 1164
34.4745, 1164
35.0976, 1165
34.5153, 1165
32.1728, 1166
31.9337, 1167
31.6293, 1168
31.8716, 1169
32.1768, 1170
33.4538, 1171
34.47, 1171
34.9153, 1172
35.0882, 1172
34.7763, 1173
34.9479, 1173
34.9292, 1174
34.8596, 1174
34.7856, 1175
34.8596, 1175
34.7533, 1176
34.8596, 1176
34.9106, 1177
34.9013, 1177
34.8133, 1178
34.804, 1178
34.7902, 1179
34.6981, 1179
34.8225, 1180
34.7948, 1180
34.7902, 1181
34.804, 1181
34.9479, 1182
34.8874, 1182
35.0273, 1183
32.6985, 1183
35.0366, 1184
35.1399, 1184
34.5836, 1185
35.0132, 1185
34.9805, 1186
35.1117, 1186
35.0554, 1187
35.0929, 1187
35.1635, 1188
35.1588, 1188
34.9525, 1189
35.1023, 1189
35.1918, 1190
34.9479, 1190
34.9386, 1191
34.9712, 1191
34.9013, 1192
34.7349, 1192
34.804, 1193
34.7579, 1193
34.8781, 1194
33.7814, 1194
34.4564, 1195
34.4609, 1195
34.57, 1196
34.4202, 1196
34.384, 1197
34.2717, 1197
34.4972, 1198
34.4337, 1198
34.2717, 1199
34.339, 1199
34.3345, 1200
34.321, 1200
34.3165, 1201
32.2877, 1202
34.0226, 1202
34.2225, 1203
32.1294, 1203
33.591, 1204
34.1467, 1204
34.16, 1205
34.366, 1205
34.1511, 1206
34.1823, 1206
34.1022, 1207
34.2135, 1207
34.3076, 1208
34.0182, 1208
34.2225, 1209
34.1244, 1209
33.9741, 1210
33.9609, 1210
33.7814, 1211
33.9082, 1211
33.3899, 1212
32.9451, 1212
33.1492, 1213
33.0531, 1213
32.8831, 1214
32.9161, 1215
32.7026, 1215
33.0281, 1216
32.8831, 1216
32.912, 1217
32.7967, 1218
33.0115, 1218
32.8419, 1219
32.9037, 1219
32.7148, 1220
32.8831, 1221
31.4661, 1222
31.6027, 1223
33.4325, 1224
33.4794, 1224
33.6039, 1225
33.6255, 1225
33.5308, 1226
33.4282, 1226
33.5824, 1227
33.441, 1227
33.5609, 1228
32.5604, 1228
32.2997, 1229
32.3156, 1230
32.1412, 1231
32.0391, 1232
32.0822, 1233
32.0469, 1234
31.8484, 1235
31.9727, 1236
31.9065, 1237
31.8832, 1238
31.9688, 1239
31.8639, 1240
31.8329, 1241
32.2005, 1242
31.4926, 1243
32.7271, 1244
31.5228, 1245
30.5672, 1246
31.2746, 1247
32.7516, 1248
31.6829, 1248
30.1073, 1249
30.4076, 1250
30.6529, 1251
30.4182, 1252
31.5836, 1253
30.3372, 1254
30.2114, 1255
30.1627, 1256
29.3357, 1257
30.0348, 1258
30.714, 1259
30.1142, 1260
30.1454, 1261
29.5274, 1262
29.2539, 1263
28.963, 1264
30.5209, 1265
30.0658, 1266
29.9149, 1267
31.4434, 1268
31.2188, 1269
30.6279, 1270
30.4996, 1271
30.5636, 1272
29.9662, 1273
30.2707, 1274
30.5565, 1275
30.1488, 1276
29.0496, 1277
29.5174, 1278
29.0432, 1279
29.554, 1280
28.1754, 1281
28.1542, 1282
28.4537, 1283
30.9241, 1284
29.564, 1285
30.6924, 1286
30.0142, 1287
30.7536, 1288
31.5532, 1289
31.8445, 1290
30.0555, 1291
29.4842, 1292
30.0142, 1293
29.891, 1294
30.5422, 1295
31.6332, 1296
31.5191, 1297
31.637, 1298
30.1974, 1299
30.696, 1300
30.6745, 1301
30.635, 1302
30.2742, 1303
30.4996, 1304
30.5814, 1305
30.5779, 1306
30.5814, 1307
30.2218, 1308
30.61, 1309
31.1409, 1310
31.0487, 1311
31.312, 1312
31.0744, 1313
31.1039, 1314
30.732, 1315
31.1816, 1316
31.3607, 1317
31.2076, 1318
31.3232, 1319
31.1853, 1320
30.2847, 1321
31.3008, 1322
31.1409, 1323
31.2523, 1324
31.2448, 1325
30.99, 1326
31.0009, 1327
31.0009, 1328
30.9461, 1329
30.9936, 1330
30.8405, 1331
30.8151, 1332
29.5108, 1333
30.3759, 1334
30.5565, 1335
30.4606, 1336
30.5209, 1337
30.4217, 1338
30.4535, 1339
30.5173, 1340
30.4429, 1341
30.2812, 1342
30.4996, 1343
30.4571, 1344
30.4006, 1345
30.397, 1346
30.45, 1347
30.4111, 1348
30.3548, 1349
30.3548, 1350
30.2917, 1351
30.0348, 1352
30.1592, 1353
30.1107, 1354
30.1696, 1355
30.2079, 1356
30.0693, 1357
29.218, 1358
29.5274, 1359
30.1176, 1360
30.2812, 1361
30.052, 1362
30.187, 1363
30.1662, 1364
30.2218, 1365
30.2288, 1366
30.194, 1367
30.1905, 1368
30.2218, 1369
30.1835, 1370
29.9046, 1371
30.2323, 1372
30.3022, 1373
27.8166, 1374
27.5015, 1375
27.3751, 1376
27.0307, 1377
27.5332, 1378
27.2075, 1379
27.2471, 1380
27.3837, 1381
27.2925, 1382
27.3209, 1383
27.0307, 1384
27.2981, 1385
27.2669, 1386
28.6371, 1387
29.8332, 1388
29.7317, 1389
29.7925, 1390
29.7148, 1391
29.6912, 1392
29.564, 1393
29.594, 1394
29.6744, 1395
29.7114, 1396
29.5174, 1397
29.1336, 1398
29.5874, 1399
29.4942, 1400
29.3883, 1401
29.3423, 1402
29.3818, 1403
29.316, 1404
29.4147, 1405
29.4345, 1406
29.3587, 1407
29.2964, 1408
29.1563, 1409
29.1401, 1410
29.1012, 1411
29.2082, 1412
29.069, 1413
29.0529, 1414
28.8896, 1415
29.069, 1416
28.1603, 1417
28.9534, 1418
28.995, 1419
29.0368, 1420
29.0368, 1421
28.9087, 1422
28.826, 1423
28.8229, 1424
28.7659, 1425
28.8928, 1426
28.8673, 1427
28.6716, 1428
28.6935, 1429
28.8641, 1430
28.6935, 1431
28.7155, 1432
28.7155, 1433
28.6434, 1434
28.6465, 1435
28.7061, 1436
28.8292, 1437
28.7849, 1438
28.6904, 1439
28.5747, 1440
28.7439, 1441
28.6559, 1442
28.6027, 1443
28.528, 1444
28.6121, 1445
28.5622, 1446
28.5218, 1447
28.5249, 1448
28.4661, 1449
28.2361, 1450
28.2726, 1451
27.6991, 1452
28.3399, 1453
28.3368, 1454
28.1542, 1455
28.1331, 1456
28.2148, 1457
28.3123, 1458
28.2118, 1459
28.3675, 1460
28.3522, 1461
28.3185, 1462
28.2239, 1463
28.2148, 1464
28.2574, 1465
28.346, 1466
28.1815, 1467
28.2057, 1468
28.2849, 1469
28.2027, 1470
28.0578, 1471
27.7284, 1472
27.9322, 1473
27.2329, 1474
27.8462, 1475
27.9561, 1476
27.8314, 1477
27.858, 1478
27.9114, 1479
27.8462, 1480
27.6465, 1481
27.6991, 1482
27.5796, 1483
27.6203, 1484
27.6844, 1485
27.7254, 1486
27.6552, 1487
27.6407, 1488
27.7225, 1489
27.7342, 1490
27.4813, 1491
27.5072, 1492
27.6377, 1493
27.6874, 1494
27.4755, 1495
27.5477, 1496
27.4986, 1497
27.539, 1498
27.4439, 1499
27.4755, 1500
27.4152, 1501
27.5159, 1502
26.2065, 1503
26.9806, 1504
27.3437, 1505
27.4066, 1506
26.6569, 1507
27.4698, 1508
27.2018, 1509
27.358, 1510
27.3294, 1511
27.3465, 1512
27.3665, 1513
27.2471, 1514
27.199, 1515
27.2584, 1516
26.6217, 1517
27.1652, 1518
27.0001, 1519
27.0782, 1520
26.9695, 1521
27.1174, 1522
27.0866, 1523
26.3461, 1524
26.9806, 1525
27.1006, 1526
26.9779, 1527
26.9446, 1528
27.0335, 1529
26.9557, 1530
26.9529, 1531
26.9751, 1532
26.8398, 1533
26.774, 1534
26.7603, 1535
26.7822, 1536
26.7112, 1537
26.6542, 1538
26.5893, 1539
26.6569, 1540
25.8295, 1541
26.149, 1542
25.7332, 1543
25.6501, 1544
25.9523, 1545
25.6803, 1546
25.878, 1547
25.7635, 1548
25.6526, 1549
25.6903, 1550
25.7914, 1551
25.794, 1552
25.8067, 1553
25.8295, 1554
25.7054, 1555
25.4262, 1556
25.5725, 1557
25.635, 1558
25.61, 1559
25.377, 1560
25.8908, 1561
25.96, 1562
24.381, 1563
21.7439, 1564
26.0788, 1565
26.0762, 1566
26.2854, 1567
26.1542, 1568
26.2118, 1569
26.084, 1570
26.0425, 1571
26.149, 1572
26.259, 1573
26.238, 1574
26.1699, 1575
26.11, 1576
26.1516, 1577
26.0296, 1578
26.0632, 1579
25.5775, 1580
25.6401, 1581
25.5252, 1582
25.5626, 1583
25.62, 1584
25.5277, 1585
25.6075, 1586
25.5153, 1587
25.404, 1588
25.4163, 1589
25.5252, 1590
25.5078, 1591
25.5426, 1592
25.4781, 1593
25.3524, 1594
25.2791, 1595
25.3696, 1596
25.4459, 1597
25.2231, 1598
25.301, 1599
25.1433, 1600
25.2304, 1601
25.124, 1602
25.2523, 1603
25.2353, 1604
25.1433, 1605
25.1529, 1606
24.782, 1607
24.921, 1608
24.9994, 1609
24.9661, 1610
24.1585, 1611
24.4378, 1612
24.5798, 1613
25.0329, 1614
25.1844, 1615
25.165, 1616
25.1674, 1617
25.2062, 1618
25.1771, 1619
25.1337, 1620
25.228, 1621
25.194, 1622
25.2328, 1623
25.1844, 1624
25.1096, 1625
25.2086, 1626
25.1747, 1627
25.2304, 1628
25.2086, 1629
25.1264, 1630
25.228, 1631
25.0688, 1632
25.1, 1633
25.1096, 1634
24.978, 1635
24.9899, 1636
24.8808, 1637
24.8879, 1638
24.8148, 1639
24.7399, 1640
24.7189, 1641
24.8219, 1642
24.8242, 1643
24.7867, 1644
24.7633, 1645
24.8101, 1646
24.7259, 1647
24.6747, 1648
24.7026, 1649
24.6608, 1650
24.6747, 1651
24.7399, 1652
24.8055, 1653
24.7586, 1654
24.8713, 1655
24.9518, 1656
25.0042, 1657
24.8855, 1658
24.9092, 1659
24.9851, 1660
24.9851, 1661
24.9661, 1662
24.9092, 1663
24.8619, 1664
24.7492, 1665
24.4674, 1666
24.6654, 1667
24.7633, 1668
24.6979, 1669
24.7446, 1670
24.633, 1671
24.5775, 1672
24.5868, 1673
24.0015, 1674
24.2726, 1675
24.3583, 1676
24.3176, 1677
24.3447, 1678
24.2996, 1679
24.3674, 1680
24.3402, 1681
24.3176, 1682
24.1207, 1683
23.4518, 1684
23.3515, 1685
23.2769, 1686
23.5656, 1687
23.0072, 1688
22.3711, 1689
23.6123, 1690
24.3221, 1691
24.2009, 1692
24.1964, 1693
23.3473, 1694
23.477, 1695
23.4812, 1696
23.456, 1697
23.498, 1698
23.389, 1699
23.5445, 1700
23.5656, 1701
23.4308, 1702
23.5107, 1703
23.5656, 1704
23.5868, 1705
23.498, 1706
23.456, 1707
23.6123, 1708
23.3807, 1709
23.5402, 1710
23.5022, 1711
23.498, 1712
23.5402, 1713
23.3974, 1714
23.3807, 1715
23.3848, 1716
23.3557, 1717
23.498, 1718
23.3765, 1719
23.4812, 1720
23.3349, 1721
23.3183, 1722
23.2934, 1723
23.2934, 1724
23.2315, 1725
23.2274, 1726
23.1945, 1727
23.1781, 1728
23.1658, 1729
23.0598, 1730
22.9347, 1731
23.281, 1732
23.6549, 1733
23.7578, 1734
23.6336, 1735
23.6166, 1736
23.5868, 1737
23.6251, 1738
23.6208, 1739
23.6806, 1740
23.5065, 1741
23.5402, 1742
23.6166, 1743
23.5191, 1744
23.5107, 1745
23.435, 1746
23.435, 1747
23.4728, 1748
23.4015, 1749
23.3723, 1750
23.339, 1751
23.3974, 1752
23.3224, 1753
23.0558, 1754
22.4477, 1755
23.2727, 1756
23.2727, 1757
23.3224, 1758
23.2686, 1759
20.6023, 1760
22.3139, 1761
22.8031, 1762
23.2356, 1763
23.2191, 1764
23.3266, 1765
23.2934, 1766
23.2975, 1767
23.281, 1768
23.2109, 1769
23.2769, 1770
23.2645, 1771
23.3058, 1772
23.2893, 1773
23.2851, 1774
23.1453, 1775
23.3017, 1776
23.2645, 1777
23.2068, 1778
23.215, 1779
23.1412, 1780
23.1331, 1781
23.0153, 1782
23.1372, 1783
23.1168, 1784
22.9669, 1785
22.9911, 1786
22.9387, 1787
23.0436, 1788
23.1168, 1789
23.0517, 1790
23.0396, 1791
23.0315, 1792
23.0679, 1793
22.9307, 1794
22.8987, 1795
22.9991, 1796
23.0234, 1797
22.9669, 1798
22.7991, 1799
22.8907, 1800
22.8468, 1801
22.9227, 1802
22.9669, 1803
22.8627, 1804
22.8428, 1805
22.724, 1806
22.5481, 1807
22.3177, 1808
22.3902, 1809
22.4746, 1810
22.669, 1811
22.7872, 1812
22.7082, 1813
22.4823, 1814
22.5792, 1815
22.669, 1816
22.7595, 1817
22.7043, 1818
22.7279, 1819
22.6925, 1820
22.7516, 1821
22.5947, 1822
22.6611, 1823
22.44, 1824
22.6103, 1825
22.4978, 1826
22.5442, 1827
22.5326, 1828
22.4785, 1829
22.4515, 1830
22.4669, 1831
21.445, 1832
21.7114, 1833
21.8818, 1834
22.3902, 1835
22.4323, 1836
22.4131, 1837
22.3596, 1838
22.44, 1839
22.3558, 1840
22.352, 1841
22.352, 1842
22.3291, 1843
22.1555, 1844
22.2533, 1845
22.0958, 1846
22.1893, 1847
22.2307, 1848
22.2684, 1849
22.2458, 1850
22.2647, 1851
22.1968, 1852
22.2912, 1853
22.2269, 1854
22.2081, 1855
22.3215, 1856
22.163, 1857
21.9147, 1858
22.1593, 1859
22.178, 1860
22.2684, 1861
22.1743, 1862
22.2269, 1863
22.1668, 1864
22.1555, 1865
22.1144, 1866
22.1893, 1867
22.1107, 1868
21.4556, 1869
21.809, 1870
22.0178, 1871
22.0141, 1872
22.0511, 1873
22.0846, 1874
21.9698, 1875
21.9919, 1876
22.0141, 1877
22.0363, 1878
22.0437, 1879
22.0067, 1880
21.8636, 1881
21.9772, 1882
21.8818, 1883
21.9551, 1884
21.9184, 1885
21.9294, 1886
21.8453, 1887
21.8271, 1888
21.7367, 1889
21.5827, 1890
21.733, 1891
21.8271, 1892
21.6219, 1893
21.8381, 1894
21.6005, 1895
21.7007, 1896
21.6362, 1897
21.6541, 1898
21.6469, 1899
21.6219, 1900
21.629, 1901
21.6576, 1902
21.6469, 1903
21.5225, 1904
21.5331, 1905
21.5084, 1906
21.5084, 1907
21.3195, 1908
21.2607, 1909
21.4275, 1910
21.396, 1911
21.2366, 1912
21.3403, 1913
21.4345, 1914
21.417, 1915
21.3925, 1916
21.3751, 1917
21.3507, 1918
21.3264, 1919
21.2779, 1920
21.3577, 1921
21.3056, 1922
21.2779, 1923
21.2091, 1924
21.2194, 1925
21.2814, 1926
21.2022, 1927
21.2883, 1928
21.2572, 1929
21.2434, 1930
21.2022, 1931
21.2434, 1932
21.1953, 1933
21.1782, 1934
21.2125, 1935
21.1441, 1936
21.1748, 1937
21.2228, 1938
21.2917, 1939
21.3403, 1940
21.3021, 1941
21.3056, 1942
21.2814, 1943
21.2469, 1944
21.2434, 1945
21.2159, 1946
21.1851, 1947
21.168, 1948
21.127, 1949
21.0998, 1950
21.1372, 1951
21.0727, 1952
21.0287, 1953
21.0625, 1954
21.0119, 1955
20.995, 1956
20.908, 1957
20.8946, 1958
20.8813, 1959
20.9013, 1960
20.9514, 1961
20.9414, 1962
20.4928, 1963
20.8713, 1964
20.6445, 1965
20.6413, 1966
20.6575, 1967
20.5506, 1968
20.6934, 1969
20.664, 1970
20.6218, 1971
20.6836, 1972
20.6575, 1973
20.6608, 1974
20.5635, 1975
20.5249, 1976
20.5345, 1977
20.5506, 1978
20.6218, 1979
20.4864, 1980
20.5668, 1981
20.5797, 1982
20.4992, 1983
19.8745, 1984
20.4194, 1985
20.464, 1986
20.4417, 1987
20.4226, 1988
20.4257, 1989
20.4576, 1990
20.3718, 1991
20.3465, 1992
20.3718, 1993
20.4194, 1994
20.4067, 1995
20.2992, 1996
20.2898, 1997
20.3307, 1998
20.2741, 1999
19.9805, 2000
19.9653, 2000
20.3718, 2000
20.4162, 2000
20.448, 2000
20.3055, 2000
20.1587, 2000
20.2584, 2000
20.2522, 2000
20.3024, 2000
20.2459, 2000
20.3844, 2000
20.394, 2000
20.3465, 2000
20.413, 2000
20.2929, 2000
20.2678, 2000
20.3591, 2000
20.4321, 2000
20.3212, 2000
20.3654, 2000
20.1031, 2000
19.8775, 2000
19.8835, 2000
19.9501, 2000
19.8263, 2000
19.7636, 2000
19.7338, 2000
19.8323, 2000
19.7964, 2000
19.8293, 2000
19.6775, 2000
19.7427, 2000
19.7457, 2000
19.8323, 2000
19.7845, 2000
19.8234, 2000
19.9077, 2000
19.651, 2000
19.8263, 2000
19.7785, 2000
19.8024, 2000
19.8323, 2000
19.7666, 2000
19.8084, 2000
19.9988, 2000
20.3307, 2000
20.3212, 2000
20.1432, 2000
20.2522, 2000
20.2835, 2000
20.2428, 2000
20.0754, 2000
19.9683, 2000
20.1031, 2000
20.014, 2000
20.1742, 2000
20.3244, 2000
20.1092, 2000
20.1773, 2000
20.1, 2000
20.2647, 2000
20.4321, 2000
20.3971, 2000
20.4576, 2000
20.137, 2000
19.9835, 2000
19.8354, 2000
20.2616, 2000
20.3307, 2000
20.3024, 2000
20.3654, 2000
20.3055, 2000
20.2616, 2000
20.1898, 2000
20.3181, 2000
20.2459, 2000
20.337, 2000
20.1898, 2000
20.2022, 2000
18.0515, 2000
20.3024, 2000
20.2929, 2000
20.3024, 2000
20.2835, 2000
20.2459, 2000
20.2898, 2000
20.3118, 2000
20.2647, 2000
20.3149, 2000
20.2553, 2000
20.2741, 2000
20.224, 2000
20.3244, 2000
20.2898, 2000
20.1649, 2000
20.2178, 2000
20.0416, 2000
20.1309, 2000
20.0692, 2000
19.6569, 2000
20.011, 2000
19.9714, 2000
20.0661, 2000
20.0938, 2000
20.0907, 2000
20.0784, 2000
19.9198, 2000
20.0049, 2000
20.0877, 2000
20.1278, 2000
20.1092, 2000
20.1031, 2000
20.137, 2000
20.1278, 2000
20.1, 2000
19.6216, 2000
20.0263, 2000
20.0754, 2000
19.9622, 2000
20.0539, 2000
20.0692, 2000
20.0969, 2000
20.1154, 2000
20.1339, 2000
20.0631, 2000
19.8293, 2000
19.6245, 2000
19.5601, 2000
19.6421, 2000
19.6304, 2000
19.6274, 2000
19.7012, 2000
19.6953, 2000
19.5834, 2000
19.5952, 2000
19.7012, 2000
19.4787, 2000
19.5048, 2000
19.9562, 2000
19.7815, 2000
20.0079, 2000
20.0049, 2000
20.0018, 2000
19.9258, 2000
20.1031, 2000
20.1432, 2000
20.1742, 2000
20.1154, 2000
20.1494, 2000
20.1742, 2000
20.1, 2000
20.1742, 2000
20.168, 2000
20.1278, 2000
20.1185, 2000
20.2116, 2000
19.5571, 2000
19.5922, 2000
19.5688, 2000
19.5747, 2000
19.5834, 2000
19.601, 2000
19.4354, 2000
19.6274, 2000
19.5338, 2000
19.6069, 2000
19.5864, 2000
19.3521, 2000
19.4932, 2000
20.0416, 2000
20.1062, 2000
20.0784, 2000
20.1309, 2000
20.1618, 2000
20.1804, 2000
20.2303, 2000
20.2053, 2000
20.1556, 2000
20.2178, 2000
20.1216, 2000
20.1278, 2000
20.1649, 2000
20.1649, 2000
20.1401, 2000
20.196, 2000
20.0293, 2000
19.5571, 2000
19.8775, 2000
19.9016, 2000
19.9016, 2000
19.8775, 2000
19.9774, 2000
19.9198, 2000
19.7517, 2000
20.1618, 2000
20.1062, 2000
20.0846, 2000
20.0754, 2000
20.06, 2000
17.4066, 2000
20.0416, 2000
20.0846, 2000
19.4037, 2000
19.9531, 2000
20.0232, 2000
19.9774, 2000
19.5135, 2000
20.0661, 2000
20.0754, 2000
20.2053, 2000
20.1, 2000
20.137, 2000
20.1, 2000
20.1494, 2000
20.0938, 2000
20.0907, 2000
20.1216, 2000
20.1742, 2000
20.1185, 2000
19.171, 2000
19.7964, 2000
19.9592, 2000
19.9957, 2000
19.8414, 2000
19.9653, 2000
20.0385, 2000
19.8865, 2000
19.8835, 2000
19.947, 2000
19.9107, 2000
20.1401, 2000
20.1401, 2000
20.0631, 2000
20.0049, 2000
20.0815, 2000
19.9714, 2000
19.9562, 2000
19.9714, 2000
19.9137, 2000
19.8684, 2000
19.9714, 2000
20.1278, 2000
20.0293, 2000
20.0815, 2000
20.0202, 2000
20.0202, 2000
20.0171, 2000
19.3607, 2000
19.4758, 2000
19.4094, 2000
19.4874, 2000
19.4729, 2000
19.421, 2000
19.4094, 2000
19.4498, 2000
19.8444, 2000
19.7427, 2000
20.0049, 2000
19.9046, 2000
19.9288, 2000
19.9927, 2000
19.944, 2000
19.9866, 2000
20.0385, 2000
20.0171, 2000
20.0171, 2000
19.9805, 2000
19.8114, 2000
19.9714, 2000
19.9258, 2000
19.8323, 2000
19.9258, 2000
19.8714, 2000
19.9622, 2000
19.944, 2000
19.9167, 2000
19.9288, 2000
19.8925, 2000
19.9107, 2000
19.7934, 2000
19.9501, 2000
19.9927, 2000
19.9258, 2000
19.9622, 2000
19.9622, 2000
19.7427, 2000
19.8654, 2000
19.9653, 2000
19.9319, 2000
19.9653, 2000
19.9622, 2000
19.947, 2000
19.9562, 2000
19.9562, 2000
19.8684, 2000
19.9653, 2000
19.9774, 2000
20.0324, 2000
19.8745, 2000
20.0018, 2000
19.9288, 2000
19.941, 2000
19.8384, 2000
19.9046, 2000
19.8805, 2000
19.947, 2000
19.8745, 2000
19.9683, 2000
19.8414, 2000
19.9501, 2000
20.0018, 2000
19.9835, 2000
19.0678, 2000
19.3664, 2000
19.7576, 2000
20.011, 2000
19.9866, 2000
19.9319, 2000
19.944, 2000
19.9957, 2000
19.9744, 2000
19.9896, 2000
19.9835, 2000
19.0097, 2000
19.5077, 2000
19.5251, 2000
19.3436, 2000
19.5077, 2000
19.499, 2000
19.3379, 2000
19.6304, 2000
19.9077, 2000
19.9167, 2000
19.4238, 2000
19.4411, 2000
19.3951, 2000
19.4729, 2000
19.298, 2000
18.9877, 2000
19.3008, 2000
19.941, 2000
20.0355, 2000
19.6274, 2000
19.8474, 2000
19.8925, 2000
19.8654, 2000
19.8444, 2000
19.8925, 2000
19.8594, 2000
19.8654, 2000
19.7994, 2000
19.1906, 2000
19.8384, 2000
19.8835, 2000
19.8564, 2000
19.8384, 2000
19.7755, 2000
19.8024, 2000
19.8474, 2000
19.7934, 2000
19.8895, 2000
19.8234, 2000
19.8474, 2000
19.8534, 2000
19.8474, 2000
19.7964, 2000
19.8174, 2000
19.6834, 2000
19.8234, 2000
19.8714, 2000
19.8414, 2000
19.9137, 2000
19.716, 2000
19.8564, 2000
19.8534, 2000
19.8564, 2000
19.8444, 2000
19.8323, 2000
19.7695, 2000
19.8594, 2000
19.8865, 2000
19.7636, 2000
19.8354, 2000
19.8204, 2000
19.8865, 2000
19.7071, 2000
19.8323, 2000
18.9739, 2000
19.8054, 2000
19.8504, 2000
19.7815, 2000
19.8444, 2000
19.8775, 2000
19.8144, 2000
19.8114, 2000
19.8714, 2000
19.7695, 2000
19.7725, 2000
19.8534, 2000
19.7725, 2000
19.7934, 2000
19.8534, 2000
19.8564, 2000
19.8925, 2000
19.8564, 2000
19.713, 2000
19.8534, 2000
19.8263, 2000
19.8174, 2000
19.8775, 2000
19.8114, 2000
19.7636, 2000
19.7874, 2000
19.8024, 2000
19.7815, 2000
19.7785, 2000
19.8263, 2000
19.8293, 2000
19.8354, 2000
19.7546, 2000
19.6363, 2000
19.6363, 2000
19.5571, 2000
19.4094, 2000
19.6982, 2000
18.5261, 2000
19.9167, 2000
19.8054, 2000
19.7427, 2000
19.6982, 2000
19.3179, 2000
19.4642, 2000
19.9592, 2000
18.5944, 2000
19.3208, 2000
19.6392, 2000
19.2781, 2000
19.8534, 2000
19.3265, 2000
19.1346, 2000
18.6925, 2000
18.8837, 2000
18.8241, 2000
19.563, 2000
19.4613, 2000
19.6392, 2000
19.716, 2000
19.6539, 2000
19.5776, 2000
6.67305, 2000
