5.78242, 1
57.9811, 1
93.4231, 2
60.7497, 2
56.0381, 3
58.8444, 3
53.2878, 4
64.1602, 4
58.4385, 5
59.9269, 5
56.4653, 6
63.2792, 6
60.0708, 7
59.8265, 7
59.4141, 8
56.5227, 8
58.9449, 9
59.7801, 9
58.9032, 10
63.1353, 10
60.5436, 11
57.7668, 11
60.4741, 12
60.6429, 12
59.3966, 13
60.6501, 13
63.4558, 14
60.7054, 14
58.8685, 15
61.5461, 15
60.7274, 16
58.0822, 16
61.7397, 17
60.2338, 17
57.1396, 18
60.9571, 18
56.8116, 19
61.9733, 19
61.981, 20
60.5106, 20
59.9306, 21
62.0732, 21
60.2989, 22
57.4846, 22
57.6368, 23
58.9102, 23
56.8053, 24
59.2943, 24
61.2258, 25
60.1034, 25
60.6536, 26
61.8428, 26
60.4999, 27
56.2907, 27
60.2119, 28
59.1994, 28
59.351, 29
63.1629, 29
58.2106, 30
58.9034, 30
58.0314, 31
55.7942, 31
60.1144, 32
58.596, 32
59.1472, 33
60.1468, 33
57.9072, 34
57.6636, 34
59.7228, 35
55.7816, 35
60.4523, 36
60.8973, 36
63.7026, 37
54.8666, 37
57.8102, 38
58.4865, 38
61.5764, 39
58.9589, 39
60.5178, 40
59.9915, 40
54.7406, 41
57.3035, 41
58.1904, 42
58.7886, 42
60.2119, 43
57.8138, 43
60.5579, 44
61.0018, 44
62.4064, 45
62.1309, 45
60.6872, 46
61.5271, 46
58.6095, 47
59.8733, 47
61.2218, 48
61.5271, 48
59.9773, 49
59.0876, 49
60.4375, 50
59.4814, 50
61.0987, 51
60.5693, 51
59.6053, 52
60.4815, 52
60.628, 53
60.3827, 53
60.8496, 54
60.3901, 54
58.4214, 55
58.3498, 55
60.4336, 56
58.8031, 56
56.912, 57
62.2901, 57
59.5232, 58
57.5477, 58
58.9626, 59
58.3767, 59
56.5103, 60
54.0016, 60
58.146, 61
58.2647, 61
64.4663, 62
73.7084, 62
47.8791, 63
68.8516, 63
55.6539, 64
60.263, 64
56.7734, 65
57.0677, 65
60.2994, 66
60.3428, 66
54.9626, 67
62.3521, 67
71.4386, 68
55.5125, 68
51.0778, 69
71.6326, 69
57.9308, 70
55.7264, 70
72.7269, 71
53.3165, 71
54.9086, 72
57.7831, 72
66.5963, 73
57.974, 73
76.523, 74
53.0844, 74
64.0978, 75
56.6415, 75
60.1973, 76
66.3173, 76
59.8084, 77
61.2262, 77
61.2593, 78
51.2163, 78
55.6296, 79
57.5579, 79
65.0825, 80
55.8816, 80
62.8059, 81
55.9509, 81
61.3041, 82
62.6689, 82
64.8922, 83
58.1839, 83
59.7369, 84
56.4206, 84
64.9062, 85
54.463, 85
60.8161, 86
57.7903, 86
59.27, 87
65.4276, 87
66.2995, 88
60.3827, 88
64.7419, 89
57.4877, 89
57.4617, 90
55.1657, 90
60.4088, 91
60.7351, 91
54.5373, 92
52.3836, 92
63.3112, 93
58.3361, 93
56.0818, 94
79.5114, 94
49.9548, 95
59.5274, 95
76.0913, 96
58.384, 96
57.5208, 97
48.7591, 97
58.6649, 98
59.0498, 98
61.9497, 99
59.6231, 99
58.432, 100
56.313, 100
60.6534, 101
64.8219, 101
57.0157, 102
62.0652, 102
61.1843, 103
56.1171, 103
67.8745, 104
52.315, 104
56.2586, 105
64.8972, 105
57.7799, 106
57.9516, 106
59.1956, 107
62.0276, 107
63.5761, 108
62.7392, 108
49.5617, 109
61.5877, 109
60.9053, 110
59.6909, 110
57.1618, 111
66.3666, 111
58.1863, 112
53.073, 112
61.9543, 113
59.5241, 113
63.1112, 114
60.8823, 114
58.2073, 115
59.8059, 115
56.6951, 116
58.4246, 116
66.7436, 117
57.1198, 117
61.9159, 118
61.69, 118
54.8332, 119
64.8671, 119
57.9148, 120
69.5596, 120
59.5985, 121
59.8724, 121
56.4692, 122
54.1131, 122
51.245, 123
57.1883, 123
51.8238, 124
65.4971, 124
80.5605, 125
58.9319, 125
59.2583, 126
56.4403, 126
46.6739, 127
81.9264, 127
55.9479, 128
54.4121, 128
61.3992, 129
61.8775, 129
55.9688, 130
61.547, 130
64.7209, 131
55.0347, 131
59.2466, 132
60.5361, 132
64.7909, 133
60.6727, 133
53.3165, 134
64.494, 134
70.0732, 135
49.7238, 135
58.4898, 136
56.5072, 136
61.7045, 137
60.8099, 137
50.8622, 138
75.4941, 138
51.2877, 139
66.7458, 139
51.8648, 140
75.797, 140
45.3144, 141
59.7581, 141
63.8869, 142
62.4599, 142
54.8003, 143
57.8972, 143
65.4297, 144
54.7216, 144
66.0167, 145
56.236, 145
63.3466, 146
48.1495, 146
68.3289, 147
58.3563, 147
67.7462, 148
58.9071, 148
61.0152, 149
51.4361, 149
53.3301, 150
58.9452, 150
65.69, 151
76.3878, 151
48.8232, 152
65.915, 152
52.3477, 153
54.849, 153
57.4279, 154
66.5974, 154
60.4436, 155
77.9321, 155
57.0157, 156
54.7545, 156
53.7125, 157
68.5725, 157
56.5453, 158
59.6256, 158
61.3346, 159
72.0473, 159
51.6986, 160
54.602, 160
87.5967, 161
47.7602, 161
58.2138, 162
69.4789, 162
61.2826, 163
52.3059, 163
56.5011, 164
67.3135, 164
62.6371, 165
61.9836, 165
64.7469, 166
55.9181, 166
61.9323, 167
59.0281, 167
55.3119, 168
61.8665, 168
58.4931, 169
61.2969, 169
69.2381, 170
57.431, 170
69.7655, 171
49.0195, 171
60.5868, 172
60.946, 172
54.0726, 173
57.2367, 173
59.2667, 174
61.3866, 174
62.0166, 175
64.6192, 175
56.7934, 176
61.5904, 176
55.2609, 177
59.7445, 177
52.7373, 178
58.8195, 178
63.1805, 179
62.3077, 179
56.2088, 180
60.8346, 180
61.3651, 181
63.6813, 181
57.8812, 182
58.9717, 182
60.8046, 183
60.348, 183
59.1113, 184
59.2918, 184
59.3506, 185
73.9971, 185
55.5213, 186
58.6157, 186
57.8269, 187
58.7207, 187
53.5958, 188
61.9396, 188
54.7216, 189
83.1807, 189
50.2264, 190
61.8209, 190
61.0311, 191
55.648, 191
60.1179, 192
59.4633, 192
61.77, 193
52.4249, 193
55.0231, 194
55.6421, 194
81.2881, 195
47.0699, 195
72.1191, 196
72.7849, 196
60.2024, 197
55.3762, 197
54.4757, 198
51.843, 198
72.1663, 199
55.5802, 199
52.5036, 200
69.7702, 200
54.9626, 201
57.5114, 201
50.651, 202
70.4878, 202
53.3667, 203
72.1762, 203
47.4673, 204
61.7372, 204
68.983, 205
66.6016, 205
55.7931, 206
60.6622, 206
60.3237, 207
56.6262, 207
64.6491, 208
58.5453, 208
52.5365, 209
64.0098, 209
64.1468, 210
58.5829, 210
59.869, 211
68.9853, 211
53.0777, 212
62.4543, 212
54.5253, 213
50.6351, 213
59.9238, 214
68.189, 214
76.53, 215
61.0863, 215
51.6744, 216
65.8075, 216
59.7411, 217
57.0018, 217
55.9763, 218
61.0276, 218
61.3525, 219
59.4886, 219
58.2138, 220
55.1186, 220
59.4599, 221
57.6759, 221
61.4298, 222
59.2801, 222
58.9584, 223
51.5765, 223
62.3985, 224
56.366, 224
60.8894, 225
53.7497, 225
59.881, 226
61.6592, 226
72.6588, 227
53.234, 227
57.4972, 228
59.6867, 228
61.8592, 229
57.4909, 229
63.3313, 230
59.158, 230
47.1228, 231
66.2607, 231
64.3456, 232
60.3323, 232
54.5338, 233
73.9006, 233
53.122, 234
63.6272, 234
52.8623, 235
60.3358, 235
58.3807, 236
64.7629, 236
60.0181, 237
60.678, 237
58.2542, 238
64.3298, 238
57.8589, 239
58.1476, 239
56.239, 240
62.9624, 240
55.1998, 241
65.279, 241
54.8677, 242
66.4286, 242
61.482, 243
61.2558, 243
61.8738, 244
65.1694, 244
59.2014, 245
53.3436, 245
57.894, 246
62.6352, 246
54.7674, 247
71.3366, 247
51.3102, 248
64.2274, 248
53.8643, 249
61.8702, 249
57.4373, 250
54.2994, 250
61.195, 251
56.3448, 251
67.8383, 252
55.4333, 252
61.9433, 253
57.99, 253
60.6745, 254
53.6301, 254
63.6426, 255
61.5289, 255
56.5483, 256
55.7279, 256
64.2589, 257
55.4655, 257
63.6929, 258
60.9, 258
58.6288, 259
59.97, 259
59.5308, 260
58.1315, 260
55.4597, 261
63.4693, 261
61.7463, 262
60.0938, 262
59.8536, 263
55.936, 263
57.6046, 264
62.9813, 264
58.4067, 265
63.9415, 265
56.4783, 266
55.7931, 266
60.985, 267
63.1825, 267
57.0871, 268
60.5204, 268
57.6997, 269
61.2128, 269
60.7377, 270
56.6461, 270
53.4225, 271
60.9212, 271
58.0286, 272
59.0215, 272
57.8397, 273
61.8374, 273
61.6519, 274
57.3368, 274
54.0113, 275
61.8082, 275
58.3028, 276
62.7965, 276
58.4197, 277
58.08, 277
65.5688, 278
51.9663, 278
64.0156, 279
51.7969, 279
66.9418, 280
55.4157, 280
58.1896, 281
61.2808, 281
59.4566, 282
53.6054, 282
66.6694, 283
60.7905, 283
64.4326, 284
55.0058, 284
58.8625, 285
65.0804, 285
54.6931, 286
56.8889, 286
57.1961, 287
61.0454, 287
60.4506, 288
59.8366, 288
48.8664, 289
76.7513, 289
59.3187, 290
55.8317, 290
57.3431, 291
68.6376, 291
56.4813, 292
61.4748, 292
59.3354, 293
59.8707, 293
54.4658, 294
60.6148, 294
57.5193, 295
64.4366, 295
54.9367, 296
60.1282, 296
61.8374, 297
63.6968, 297
53.4388, 298
65.8819, 298
58.5928, 299
57.3651, 299
62.219, 300
54.5849, 300
49.3633, 301
61.0596, 301
76.5999, 302
60.2007, 302
61.5723, 303
60.8965, 303
56.6798, 304
50.2673, 304
65.7992, 305
56.0047, 305
62.3484, 306
53.8726, 306
66.2607, 307
53.8615, 307
63.5116, 308
62.0974, 308
58.1767, 309
54.8964, 309
59.0281, 310
61.8665, 310
54.1033, 311
61.5037, 311
56.4692, 312
58.6813, 312
50.1591, 313
88.682, 313
58.1863, 314
60.2284, 314
53.903, 315
68.6196, 315
57.6616, 316
60.2353, 316
61.2987, 317
62.4859, 317
57.6711, 318
58.8294, 318
45.5507, 319
60.381, 319
81.6457, 320
62.7326, 320
59.3455, 321
60.3254, 321
43.9157, 322
73.3886, 322
69.6312, 323
66.0937, 323
46.3439, 324
65.3441, 324
72.0225, 325
61.2844, 325
56.0976, 326
56.5789, 326
60.8329, 327
58.2769, 327
54.9799, 328
48.7528, 328
83.4854, 329
59.6799, 329
55.3397, 330
55.4538, 330
66.1228, 331
46.9393, 331
63.3428, 332
76.9371, 332
60.3984, 333
62.4561, 333
58.7701, 334
59.8673, 334
60.3115, 335
58.2316, 335
60.4471, 336
60.6955, 336
60.3532, 337
59.9906, 337
49.3378, 338
56.4357, 338
83.2732, 339
53.4061, 339
68.4851, 340
61.594, 340
57.7983, 341
57.1525, 341
59.1213, 342
59.088, 342
62.3818, 343
58.6354, 343
60.2561, 344
57.6679, 344
47.6842, 345
58.3872, 345
80.4925, 346
55.933, 346
62.1489, 347
56.8488, 347
60.3462, 348
57.7601, 348
62.8379, 349
60.6218, 349
59.9872, 350
56.2903, 350
57.1649, 351
61.936, 351
58.1315, 352
60.7764, 352
51.9869, 353
64.827, 353
60.5833, 354
61.7136, 354
56.2631, 355
63.4693, 355
54.1676, 356
63.3619, 356
57.3086, 357
62.4896, 357
55.4743, 358
60.3636, 358
58.3125, 359
59.3422, 359
58.2801, 360
57.8397, 360
57.5508, 361
61.5073, 361
59.8332, 362
52.8516, 362
62.8341, 363
55.9599, 363
59.4128, 364
61.5831, 364
59.2784, 365
49.7356, 365
60.3845, 366
78.2228, 366
58.2542, 367
62.0606, 367
60.2007, 368
62.1931, 368
58.1315, 369
57.9997, 369
59.128, 370
51.8507, 370
72.6513, 371
53.3898, 371
65.7868, 372
61.2665, 372
62.902, 373
60.6008, 373
60.3845, 374
59.8263, 374
60.3497, 375
62.553, 375
59.4734, 376
56.0256, 376
52.2407, 377
74.6849, 377
59.5342, 378
61.7863, 378
60.5658, 379
58.0382, 379
60.4053, 380
61.9213, 380
53.3871, 381
52.2095, 381
78.8344, 382
59.9152, 382
58.8393, 383
59.1847, 383
61.0738, 384
57.5193, 384
63.5616, 385
56.8673, 385
58.3093, 386
55.9688, 386
64.7069, 387
59.6765, 387
58.4817, 388
59.6561, 388
59.2416, 389
52.7506, 389
64.1802, 390
64.0234, 390
51.7177, 391
58.1122, 391
63.1444, 392
48.8619, 392
74.0363, 393
58.9485, 393
58.1541, 394
51.8892, 394
63.813, 395
62.8341, 395
52.2433, 396
64.7789, 396
60.5553, 397
63.1026, 397
58.6222, 398
58.384, 398
54.8017, 399
65.9482, 399
57.9933, 400
59.6087, 400
58.9916, 401
61.4712, 401
55.5066, 402
64.9072, 402
56.8735, 403
62.1378, 403
57.1525, 404
60.6394, 404
60.9814, 405
64.1763, 405
58.6026, 406
59.2349, 406
57.3682, 407
57.6933, 407
60.5483, 408
58.6222, 408
59.4397, 409
57.4531, 409
58.5568, 410
60.4297, 410
58.7141, 411
60.7624, 411
59.7071, 412
58.5862, 412
60.1248, 413
58.5666, 413
55.1795, 414
59.4971, 414
57.387, 415
59.1313, 415
61.2522, 416
58.7569, 416
57.8078, 417
58.9088, 417
56.8765, 418
57.9388, 418
61.1807, 419
62.2079, 419
54.7817, 420
61.0205, 420
56.0256, 421
59.3959, 421
59.2449, 422
59.5951, 422
60.7272, 423
59.4633, 423
62.7664, 424
54.6589, 424
56.8365, 425
70.6492, 425
63.6426, 426
59.3556, 426
55.1911, 427
61.5759, 427
60.3566, 428
58.6288, 428
59.5106, 429
64.4049, 429
56.5972, 430
61.9653, 430
58.1186, 431
58.678, 431
54.2966, 432
61.024, 432
58.7602, 433
59.1714, 433
56.3872, 434
59.0947, 434
63.6233, 435
54.6902, 435
60.5343, 436
63.7781, 436
57.3965, 437
63.5462, 437
59.5106, 438
59.4094, 438
57.9292, 439
63.0912, 439
57.2617, 440
56.248, 440
63.7936, 441
59.0581, 441
60.8399, 442
55.6303, 442
62.0202, 443
61.0525, 443
61.8921, 444
60.0284, 444
56.7258, 445
58.2316, 445
57.431, 446
55.936, 446
61.1771, 447
55.7546, 447
63.7006, 448
58.7833, 448
60.7237, 449
58.2898, 449
60.7237, 450
57.5888, 450
56.5911, 451
65.2302, 451
59.0082, 452
59.9803, 452
58.8625, 453
57.0529, 453
55.4333, 454
60.8293, 454
55.5243, 455
72.7925, 455
56.8765, 456
57.3055, 456
60.685, 457
60.7941, 457
58.6682, 458
61.914, 458
56.0646, 459
61.0987, 459
56.6798, 460
55.052, 460
59.7445, 461
69.5527, 461
60.18, 462
59.138, 462
57.0064, 463
58.2122, 463
56.5789, 464
55.9091, 464
66.6059, 465
57.4185, 465
59.8571, 466
59.5173, 466
60.7976, 467
57.0219, 467
58.4523, 468
60.08, 468
59.088, 469
57.6172, 469
60.4785, 470
61.4712, 470
53.184, 471
58.5404, 471
72.4956, 472
61.1058, 472
59.4431, 473
62.2522, 473
58.8691, 474
59.9323, 474
59.0747, 475
58.547, 475
54.6076, 476
57.168, 476
73.4914, 477
56.8827, 477
58.8096, 478
57.6141, 478
62.512, 479
54.4489, 479
57.8876, 480
60.5833, 480
58.1637, 481
59.646, 481
58.3775, 482
57.0188, 482
60.3254, 483
61.5651, 483
55.7931, 484
60.8646, 484
63.751, 485
57.056, 485
52.4865, 486
68.2045, 486
58.319, 487
59.2282, 487
62.8266, 488
57.4122, 488
57.9004, 489
63.4731, 489
60.4227, 490
59.8707, 490
59.8093, 491
60.2699, 491
59.7343, 492
55.328, 492
56.3145, 493
62.9548, 493
63.7432, 494
63.1368, 494
54.4149, 495
62.3336, 495
63.7742, 496
56.3811, 496
59.9323, 497
62.2226, 497
57.1307, 498
64.1409, 498
56.2541, 499
64.1331, 499
56.242, 500
62.4599, 500
61.3346, 501
57.1182, 501
60.5064, 502
62.304, 502
54.7674, 503
59.9186, 503
62.0606, 504
62.8492, 504
58.7109, 505
61.7172, 505
62.7815, 506
57.6584, 506
57.9452, 507
59.4566, 507
62.0459, 508
60.2491, 508
60.0215, 509
60.8434, 509
56.0256, 510
58.4556, 510
58.196, 511
54.3078, 511
68.8223, 512
60.2699, 512
58.08, 513
61.9579, 513
61.428, 514
59.5646, 514
62.3336, 515
60.4715, 515
51.6082, 516
55.3221, 516
71.2638, 517
62.0239, 517
61.1629, 518
60.1593, 518
61.5362, 519
60.6464, 519
62.4673, 520
60.6183, 520
60.6324, 521
59.1814, 521
60.7448, 522
56.2722, 522
64.496, 523
59.5714, 523
60.8364, 524
55.722, 524
60.0353, 525
55.4216, 525
60.7377, 526
65.4951, 526
56.4966, 527
58.3775, 527
64.9917, 528
60.78, 528
60.4785, 529
57.6774, 529
61.0134, 530
60.3254, 530
59.5579, 531
57.9516, 531
56.242, 532
62.3855, 532
54.882, 533
61.4712, 533
60.1938, 534
60.0215, 534
57.4436, 535
56.8272, 535
59.8024, 536
60.2353, 536
59.2684, 537
58.4947, 537
56.3569, 538
62.3633, 538
61.1771, 539
56.1336, 539
62.5269, 540
62.8492, 540
59.3086, 541
59.3287, 541
59.5511, 542
60.8011, 542
59.9529, 543
61.5723, 543
58.619, 544
61.2057, 544
61.056, 545
60.0834, 545
62.5791, 546
58.7767, 546
59.7888, 547
62.0166, 547
61.2558, 548
57.8365, 548
60.18, 549
57.9644, 549
60.6183, 550
57.6711, 550
63.0836, 551
63.0305, 551
57.5003, 552
59.5985, 552
62.7589, 553
60.4506, 553
61.6664, 554
56.9754, 554
61.1986, 555
60.0765, 555
57.1867, 556
58.5339, 556
62.5194, 557
60.2491, 557
58.547, 558
57.4688, 558
60.7518, 559
56.7964, 559
53.674, 560
67.3546, 560
57.4122, 561
58.7701, 561
59.3422, 562
54.0336, 562
61.2701, 563
59.2684, 563
62.3559, 564
58.9817, 564
62.1194, 565
58.1831, 565
60.2838, 566
60.7659, 566
58.2348, 567
57.0809, 567
60.5763, 568
61.3705, 568
63.9298, 569
59.8093, 569
60.5763, 570
57.0747, 570
56.1817, 571
58.5078, 571
61.3131, 572
58.2283, 572
60.8434, 573
57.6457, 573
59.6935, 574
62.2448, 574
57.6077, 575
58.1831, 575
56.7657, 576
62.0019, 576
59.8502, 577
60.3532, 577
57.3682, 578
57.5319, 578
55.8585, 579
61.0489, 579
57.6711, 580
59.8776, 580
59.5579, 581
57.6014, 581
59.3556, 582
59.2081, 582
55.9718, 583
72.9901, 583
55.6865, 584
60.6815, 584
61.2916, 585
60.6534, 585
62.1563, 586
61.1343, 586
58.9684, 587
57.5508, 587
58.9088, 588
59.8502, 588
59.8297, 589
58.5012, 589
61.7536, 590
56.7411, 590
59.7956, 591
61.6664, 591
59.0814, 592
58.2996, 592
58.2866, 593
60.5623, 593
61.3489, 594
56.9631, 594
58.0414, 595
58.9353, 595
58.724, 596
60.0215, 596
59.9872, 597
57.0312, 597
61.2844, 598
58.8228, 598
58.2866, 599
63.7432, 599
59.7956, 600
58.7965, 600
52.3712, 601
61.1629, 601
61.71, 602
66.4581, 602
60.3879, 603
58.5731, 603
60.2284, 604
59.3959, 604
62.804, 605
58.56, 605
60.5413, 606
63.1672, 606
56.248, 607
62.8191, 607
62.5791, 608
56.4479, 608
62.7514, 609
62.7664, 609
53.4769, 610
61.9726, 610
62.8341, 611
60.5553, 611
62.4227, 612
62.97, 612
59.9049, 613
62.3188, 613
59.9323, 614
58.3645, 614
56.8827, 615
67.2595, 615
55.8169, 616
66.9674, 616
57.4059, 617
62.6839, 617
64.2038, 618
53.4879, 618
66.8564, 619
61.1129, 619
60.4158, 620
58.7833, 620
58.0478, 621
61.3346, 621
57.5888, 622
61.5723, 622
60.1248, 623
58.6911, 623
58.8228, 624
57.168, 624
57.056, 625
56.0137, 625
65.577, 626
59.585, 626
58.8559, 627
55.4743, 627
63.2129, 628
65.8075, 628
60.4088, 629
58.3645, 629
58.9485, 630
59.108, 630
60.5833, 631
59.1413, 631
55.0665, 632
61.7172, 632
62.3633, 633
62.5269, 633
61.6012, 634
65.3074, 634
57.0685, 635
58.8493, 635
58.6846, 636
58.9485, 636
60.0765, 637
58.7833, 637
59.0215, 638
60.78, 638
56.9259, 639
64.188, 639
54.9165, 640
65.1047, 640
58.397, 641
54.8304, 641
64.6073, 642
59.7956, 642
60.0078, 643
56.7841, 643
64.251, 644
59.4094, 644
58.6977, 645
59.1547, 645
58.4947, 646
57.8174, 646
60.374, 647
63.8364, 647
64.0704, 648
57.8876, 648
62.3262, 649
57.9132, 649
52.9103, 650
62.9246, 650
63.6426, 651
58.8559, 651
57.9452, 652
63.3045, 652
63.6195, 653
63.6735, 653
63.0381, 654
63.3964, 654
63.689, 655
63.7355, 655
63.4347, 656
63.3734, 656
63.5039, 657
62.1415, 657
50.1327, 658
62.9473, 658
63.4271, 659
63.5501, 659
63.404, 660
63.7432, 660
63.5424, 661
63.4194, 661
61.8337, 662
62.5642, 662
62.8191, 663
62.9851, 663
62.804, 664
61.8994, 664
62.5567, 665
62.3855, 665
62.304, 666
62.171, 666
61.9433, 667
62.1931, 667
62.0092, 668
62.2744, 668
61.8629, 669
61.2916, 669
61.8629, 670
61.0631, 670
61.6229, 671
59.1147, 671
61.1272, 672
58.8096, 672
53.2326, 673
55.5508, 673
57.7855, 674
58.4425, 674
57.5761, 675
54.905, 675
57.1743, 676
60.9, 676
61.6809, 677
62.1121, 677
61.8848, 678
62.304, 678
62.2079, 679
62.1121, 679
62.2374, 680
61.5434, 680
61.5506, 681
63.076, 681
62.8341, 682
62.609, 682
62.3633, 683
61.5868, 683
61.2128, 684
62.068, 684
60.2422, 685
61.79, 685
61.3705, 686
60.6885, 686
62.1563, 687
59.8366, 687
61.6882, 688
61.7827, 688
62.2226, 689
61.7463, 689
62.1342, 690
61.8556, 690
62.171, 691
62.2596, 691
61.6012, 692
62.2448, 692
62.5269, 693
61.9726, 693
62.4599, 694
62.7589, 694
62.2005, 695
62.1268, 695
61.2916, 696
61.4712, 696
62.0166, 697
61.2128, 697
61.7463, 698
61.2486, 698
61.5434, 699
60.6674, 699
60.111, 700
61.2701, 700
61.1557, 701
61.2916, 701
61.4712, 702
60.5623, 702
61.2844, 703
61.4424, 703
61.2486, 704
61.0774, 704
60.7659, 705
60.8929, 705
60.9637, 706
61.1771, 706
60.5623, 707
61.0916, 707
61.2629, 708
55.4216, 708
57.99, 709
57.1431, 709
57.9068, 710
56.8827, 710
57.2429, 711
55.7813, 711
59.5308, 712
59.946, 712
59.369, 713
58.7306, 713
59.369, 714
52.4918, 714
54.6361, 715
56.5819, 715
57.1867, 716
55.7635, 716
57.293, 717
58.7306, 717
59.0947, 718
59.4296, 718
59.0747, 719
59.2617, 719
59.1213, 720
59.1213, 720
59.0547, 721
59.3959, 721
59.4094, 722
58.1444, 722
59.8913, 723
59.4903, 723
55.7575, 724
56.2964, 724
57.0871, 725
56.0316, 725
56.1276, 726
55.9897, 726
58.9618, 727
59.2215, 727
58.8823, 728
58.6977, 728
58.8691, 729
58.922, 729
58.7635, 730
57.6521, 730
56.6737, 731
58.209, 731
58.5339, 732
58.3385, 732
56.9631, 733
57.1493, 733
58.0929, 734
58.2542, 734
58.035, 735
57.8046, 735
58.0607, 736
58.0864, 736
58.397, 737
57.1244, 737
53.5863, 738
56.9692, 738
58.209, 739
58.4165, 739
58.1186, 740
57.0871, 740
56.6553, 741
57.5319, 741
57.2742, 742
56.1697, 742
56.6002, 743
56.5514, 743
57.5761, 744
57.7601, 744
57.8046, 745
57.3055, 745
57.6521, 746
57.7791, 746
58.1251, 747
58.0671, 747
57.7919, 748
57.5066, 748
57.6648, 749
57.9516, 749
56.9074, 750
58.2219, 750
57.8238, 751
57.862, 751
58.358, 752
58.2866, 752
58.619, 753
58.2348, 753
57.3619, 754
57.8812, 754
58.3125, 755
57.811, 755
58.08, 756
58.1573, 756
58.2219, 757
58.4556, 757
57.7855, 758
58.0093, 758
57.4688, 759
57.7919, 759
57.9772, 760
57.9388, 760
57.894, 761
56.8951, 761
57.6584, 762
57.2367, 762
57.4877, 763
57.8238, 763
57.9132, 764
58.0157, 764
57.9644, 765
58.1379, 765
58.7174, 766
58.2996, 766
58.0671, 767
58.1444, 767
58.0157, 768
58.345, 768
58.6059, 769
58.1122, 769
57.9388, 770
58.0029, 770
58.6124, 771
58.8757, 771
58.2348, 772
58.5404, 772
58.9618, 773
58.2219, 773
58.5404, 774
57.6648, 774
56.7473, 775
57.4059, 775
57.5824, 776
57.494, 776
57.5824, 777
57.5635, 777
57.8174, 778
57.3243, 778
55.6805, 779
56.9569, 779
55.6333, 780
57.3118, 780
56.6614, 781
57.3808, 781
55.492, 782
56.7964, 782
56.9692, 783
55.3864, 783
55.3221, 784
54.4432, 784
55.7635, 785
56.1156, 785
56.1938, 786
55.492, 786
56.236, 787
55.936, 787
56.1817, 788
56.5331, 788
56.1396, 789
56.3266, 789
56.4783, 790
55.9658, 790
55.7338, 791
55.7872, 791
56.1336, 792
56.0436, 792
55.2813, 793
55.9479, 793
55.8288, 794
52.4393, 794
53.4279, 795
55.4802, 795
55.2871, 796
55.7516, 796
55.5743, 797
56.1517, 797
55.9658, 798
54.796, 798
55.363, 799
55.805, 799
55.1476, 800
55.4978, 800
54.7616, 801
55.4333, 801
55.3455, 802
55.8526, 802
55.2988, 803
55.445, 803
55.492, 804
54.8017, 804
53.7952, 805
53.978, 805
54.8935, 806
54.6703, 806
54.6703, 807
54.6646, 807
54.7388, 808
54.5508, 808
54.4432, 809
54.6076, 809
54.6076, 810
53.1948, 810
53.7346, 811
53.978, 811
53.9391, 812
53.5698, 812
53.7015, 813
52.9851, 813
53.5316, 814
53.4333, 814
53.707, 815
52.5391, 815
53.9669, 816
52.1732, 816
52.4288, 817
52.8569, 817
52.1265, 818
52.6235, 818
52.3712, 819
52.4236, 819
52.0902, 820
52.6499, 820
52.5497, 821
52.3346, 821
52.5497, 822
52.2824, 822
51.4765, 823
52.345, 823
52.3189, 824
52.3764, 824
52.2928, 825
51.431, 825
51.21, 826
51.3203, 826
51.3454, 827
50.877, 827
51.2651, 828
49.6297, 828
50.5874, 829
50.8869, 829
50.9017, 830
51.7509, 830
50.6999, 831
51.2801, 831
51.4714, 832
51.2651, 832
51.3354, 833
51.3504, 833
43.0981, 834
44.8263, 834
50.6705, 835
51.1052, 835
51.0157, 836
51.0753, 836
50.9809, 837
51.225, 837
50.7539, 838
50.976, 838
50.9512, 839
50.976, 839
50.6803, 840
50.4997, 840
50.8228, 841
50.4075, 841
50.1279, 842
50.4948, 842
50.6167, 843
50.3881, 843
50.8031, 844
50.8524, 844
50.5777, 845
50.9265, 845
51.1251, 846
51.0008, 846
50.3929, 847
50.7392, 847
50.4754, 848
50.651, 848
50.2962, 849
50.1423, 849
49.7805, 850
49.771, 850
49.9703, 851
49.861, 851
49.6767, 852
50.037, 852
47.7798, 853
49.5921, 853
46.8994, 854
48.6714, 854
47.8583, 855
48.237, 855
47.7842, 856
47.9722, 856
47.8365, 857
46.9287, 857
47.8452, 858
46.954, 858
45.5111, 859
45.8374, 859
33.8491, 860
44.93, 861
47.477, 861
48.6443, 862
48.7982, 862
48.5093, 863
48.912, 863
48.4465, 864
48.0645, 864
49.252, 865
49.0814, 865
49.3587, 866
49.1781, 866
48.3928, 867
49.5406, 867
49.3215, 868
48.9029, 868
45.8134, 869
47.5415, 869
48.0734, 870
47.7581, 870
47.854, 871
46.4177, 871
47.5372, 872
47.1609, 872
46.8952, 873
47.3227, 873
47.3569, 874
47.2161, 874
47.2289, 875
47.3826, 875
47.5588, 876
46.5372, 876
47.1991, 877
48.442, 877
47.5415, 878
47.2672, 878
48.0954, 879
48.144, 879
48.206, 880
47.9678, 880
48.0205, 881
47.9459, 881
48.0866, 882
47.9546, 882
46.8742, 883
46.8784, 883
47.2843, 884
46.7822, 884
46.4547, 885
46.2784, 885
46.3439, 886
45.389, 886
45.1, 887
45.7734, 887
45.7534, 888
44.6431, 888
45.6776, 889
45.4953, 889
46.1115, 890
46.1968, 890
46.2254, 891
45.4047, 891
45.7933, 892
45.8936, 892
46.0104, 893
45.8815, 893
46.2213, 894
45.7494, 894
45.8815, 895
45.4362, 895
45.5903, 896
44.7192, 896
45.8334, 897
45.6697, 897
44.7154, 898
45.7494, 898
45.4165, 899
45.3929, 899
45.523, 900
44.7574, 900
45.2988, 901
46.1075, 901
45.135, 902
45.6697, 902
45.3497, 903
45.3615, 903
45.4047, 904
46.43, 904
45.3929, 905
46.3807, 905
45.4126, 906
45.622, 906
45.9539, 907
45.5784, 907
45.6737, 908
46.071, 908
45.4401, 909
45.9056, 909
45.3615, 910
45.1272, 910
45.3066, 911
45.7534, 911
44.6925, 912
45.7774, 912
44.723, 913
46.1765, 913
44.8148, 914
45.9016, 914
44.6431, 915
45.3301, 915
44.723, 916
44.6316, 916
45.8013, 917
44.2998, 917
44.4237, 918
45.1505, 918
44.6963, 919
45.2362, 919
44.6773, 920
44.9724, 920
44.5596, 921
44.8416, 921
44.2362, 922
44.8416, 922
44.7803, 923
44.2811, 923
44.6507, 924
44.08, 924
44.4312, 925
44.4387, 925
44.8493, 926
43.8661, 926
43.8515, 927
44.7497, 927
44.2362, 928
43.749, 928
44.4463, 929
44.3485, 929
43.7344, 930
44.1023, 930
44.88, 931
44.1023, 931
44.08, 932
45.0729, 932
44.1841, 933
43.9397, 933
44.1692, 934
45.0884, 934
43.9987, 935
44.8493, 935
44.0578, 936
43.8221, 936
44.7727, 937
43.4157, 937
43.7417, 938
43.749, 938
43.6107, 939
44.3635, 939
43.0238, 940
44.3035, 940
43.6398, 941
44.5899, 941
43.589, 942
43.4517, 942
43.589, 943
42.3359, 943
32.2282, 944
44.1841, 945
44.006, 945
44.0282, 946
44.0726, 946
44.1915, 947
44.0208, 947
44.2661, 948
43.9249, 948
44.2886, 949
43.9913, 949
44.199, 950
43.8221, 950
44.1171, 951
43.9102, 951
43.8735, 952
43.1158, 952
43.5527, 953
43.5672, 953
43.7125, 954
43.7052, 954
43.7929, 955
43.6398, 955
43.5745, 956
43.5817, 956
43.6252, 957
43.6398, 957
43.4229, 958
43.3726, 958
43.5962, 959
43.2867, 959
43.2724, 960
43.1797, 960
43.4661, 961
43.4373, 961
43.2224, 962
43.0379, 962
43.0026, 963
43.1016, 963
43.3583, 964
43.3583, 964
43.2438, 965
43.4157, 965
43.6543, 966
43.5745, 966
43.3583, 967
43.6907, 967
43.647, 968
43.6761, 968
43.3368, 969
43.6616, 969
43.7563, 970
43.2581, 970
43.2652, 971
43.6907, 971
43.3798, 972
43.4229, 972
43.5238, 973
43.4445, 973
43.2296, 974
43.1016, 974
43.2296, 975
43.1229, 975
43.0804, 976
43.1797, 976
42.7711, 977
43.0309, 977
42.6875, 978
43.0026, 978
43.1087, 979
43.0379, 979
42.9674, 980
42.848, 980
42.7641, 981
42.2472, 981
40.1323, 982
35.6853, 982
42.3291, 983
42.3975, 983
42.6736, 984
42.425, 984
42.3975, 985
42.5697, 985
42.6181, 986
42.3154, 986
41.4522, 987
42.0844, 987
42.4044, 988
42.3975, 988
42.5075, 989
42.5282, 989
42.3701, 990
41.597, 990
42.0439, 991
42.2881, 991
41.9632, 992
42.0777, 992
42.3496, 993
41.8827, 993
42.2132, 994
42.254, 994
41.7427, 995
42.0439, 995
41.8226, 996
41.9028, 996
42.1792, 997
42.0574, 997
41.426, 998
41.876, 998
41.2111, 999
41.4588, 999
41.6962, 1000
41.5706, 1000
41.5442, 1001
41.2241, 1001
41.4195, 1002
41.5047, 1002
41.426, 1003
41.3476, 1003
41.1206, 1004
41.1917, 1004
41.485, 1005
41.6631, 1005
41.1852, 1006
41.3411, 1006
41.426, 1007
41.3933, 1007
41.1658, 1008
41.3085, 1008
41.1529, 1009
41.0241, 1009
41.3411, 1010
41.0305, 1010
39.6287, 1011
40.7499, 1011
40.7943, 1012
40.8388, 1012
41.0048, 1013
40.992, 1013
31.3083, 1014
37.2787, 1015
40.693, 1015
40.8579, 1016
40.6614, 1016
40.6993, 1017
40.9216, 1017
40.7752, 1018
40.5106, 1018
40.4356, 1019
40.5733, 1019
40.5482, 1020
40.4481, 1020
40.7056, 1021
40.3982, 1021
40.4294, 1022
40.4231, 1022
40.4668, 1023
40.5482, 1023
40.3423, 1024
39.9062, 1024
40.3112, 1025
40.3423, 1025
40.5106, 1026
40.3298, 1026
40.4044, 1027
40.3547, 1027
40.3236, 1028
40.3423, 1028
40.5796, 1029
40.7309, 1029
40.5858, 1030
37.8329, 1030
38.8592, 1031
38.5279, 1031
40.5482, 1032
40.3982, 1032
40.2927, 1033
40.3423, 1033
40.4169, 1034
40.4856, 1034
38.9573, 1035
40.1016, 1035
40.2185, 1036
39.9854, 1036
40.2865, 1037
40.3795, 1037
40.2741, 1038
39.1026, 1038
40.12, 1039
39.9915, 1039
40.2123, 1040
39.8577, 1040
40.3795, 1041
40.1876, 1041
40.1077, 1042
40.1384, 1042
40.2185, 1043
40.0281, 1043
40.0709, 1044
40.2246, 1044
39.9976, 1045
39.9854, 1045
40.2123, 1046
40.0709, 1046
40.1138, 1047
40.0098, 1047
39.9488, 1048
39.7429, 1048
39.6347, 1049
39.6467, 1049
39.961, 1050
39.7128, 1050
39.8577, 1051
38.8074, 1051
39.5689, 1052
39.6227, 1052
39.961, 1053
39.8577, 1053
39.6827, 1054
39.5809, 1054
39.8274, 1055
39.7068, 1055
39.7068, 1056
39.7068, 1056
39.8819, 1057
39.249, 1057
38.3644, 1058
39.4202, 1058
39.2961, 1059
39.432, 1059
39.2372, 1060
39.2725, 1060
37.173, 1061
39.2372, 1061
39.3019, 1062
39.3314, 1062
39.432, 1063
39.2961, 1063
39.1845, 1064
39.2372, 1064
39.161, 1065
39.202, 1065
39.1552, 1066
39.2666, 1066
39.3314, 1067
39.1727, 1067
39.1493, 1068
39.0502, 1068
39.0037, 1069
39.1201, 1069
39.1493, 1070
39.091, 1070
39.1201, 1071
39.161, 1071
38.9631, 1072
37.1677, 1072
37.7729, 1073
36.9425, 1073
37.5457, 1074
37.5888, 1074
37.8329, 1075
37.5403, 1075
37.6211, 1076
37.5618, 1076
37.6752, 1077
37.5027, 1077
37.5135, 1078
37.4652, 1078
36.849, 1079
37.5135, 1079
36.5816, 1080
36.684, 1080
38.2636, 1081
38.5563, 1081
38.37, 1082
38.5506, 1082
38.5223, 1083
38.5336, 1083
38.6757, 1084
38.6529, 1084
38.596, 1085
38.4094, 1085
38.6757, 1086
38.6928, 1086
38.5903, 1087
38.5563, 1087
38.6643, 1088
38.4319, 1088
37.8711, 1089
38.3813, 1089
38.3925, 1090
38.3756, 1090
38.2023, 1091
38.342, 1091
38.4206, 1092
37.9534, 1092
38.0857, 1093
36.49, 1093
38.1079, 1094
37.7892, 1094
38.2134, 1095
38.0802, 1095
38.2357, 1096
38.0305, 1096
38.3027, 1097
37.3531, 1097
37.7023, 1098
37.6806, 1098
34.9479, 1099
36.1379, 1099
36.6943, 1100
36.2829, 1100
37.3265, 1101
37.7675, 1101
37.7077, 1102
37.8821, 1102
37.915, 1103
37.893, 1103
37.9314, 1104
37.8383, 1104
37.8493, 1105
37.8985, 1105
37.9369, 1106
37.8766, 1106
37.7457, 1107
37.7457, 1107
37.7186, 1108
37.6319, 1108
37.6211, 1109
37.7294, 1109
37.6806, 1110
37.6157, 1110
37.7023, 1111
37.8111, 1111
37.6103, 1112
37.4974, 1112
37.4491, 1113
37.5242, 1113
37.5942, 1114
37.3318, 1114
37.3797, 1115
37.1519, 1115
37.4866, 1116
36.9999, 1116
37.2364, 1117
37.1994, 1117
36.9113, 1118
35.7827, 1118
35.6077, 1119
35.7876, 1119
35.6756, 1120
35.7583, 1120
35.5787, 1121
35.5449, 1121
35.768, 1122
36.0038, 1122
35.8267, 1123
36.0088, 1123
35.9791, 1124
35.861, 1124
35.8905, 1125
35.9446, 1125
35.9003, 1126
35.6077, 1126
35.8905, 1127
35.468, 1127
35.729, 1128
35.6416, 1128
35.3675, 1129
35.5835, 1129
35.2866, 1130
35.6465, 1130
35.6319, 1131
35.695, 1131
35.9594, 1132
35.8071, 1132
35.7534, 1133
35.7339, 1133
35.729, 1134
35.6804, 1134
35.4968, 1135
35.4632, 1135
35.444, 1136
34.4926, 1136
35.0601, 1137
36.2328, 1137
36.4697, 1138
36.3382, 1138
36.5408, 1139
36.5103, 1139
36.3382, 1140
36.1678, 1140
36.2428, 1141
36.1478, 1141
36.2578, 1142
36.098, 1142
36.103, 1143
36.3584, 1143
36.3937, 1144
36.3634, 1144
36.4951, 1145
36.3634, 1145
36.3533, 1146
36.1279, 1146
36.2277, 1147
36.2428, 1147
36.2027, 1148
36.1877, 1148
36.1379, 1149
36.2678, 1149
36.3634, 1150
36.1827, 1150
36.1628, 1151
33.6557, 1151
36.098, 1152
36.1478, 1152
36.1179, 1153
35.4968, 1153
36.2678, 1154
36.3332, 1154
36.3332, 1155
36.4951, 1155
36.5561, 1156
36.4038, 1156
36.5052, 1157
36.4139, 1157
36.2879, 1158
36.2578, 1158
36.2628, 1159
36.3483, 1159
36.1329, 1160
35.5884, 1160
35.8414, 1161
36.0335, 1161
36.1728, 1162
36.2077, 1162
36.1927, 1163
36.113, 1163
36.0633, 1164
35.9446, 1164
36.0038, 1165
35.8071, 1165
32.5807, 1166
32.1728, 1167
34.5472, 1168
34.7902, 1168
34.6476, 1169
34.8272, 1169
34.6019, 1170
34.804, 1170
35.0132, 1171
34.7441, 1171
34.5654, 1172
34.0934, 1172
35.6029, 1173
35.6804, 1173
35.5739, 1174
35.7583, 1174
35.729, 1175
35.7485, 1175
35.5884, 1176
35.4872, 1176
35.6271, 1177
35.5787, 1177
35.5787, 1178
35.6416, 1178
35.6416, 1179
35.5932, 1179
35.444, 1180
35.2866, 1180
35.4488, 1181
35.4632, 1181
35.4968, 1182
35.4009, 1182
35.1447, 1183
35.2391, 1183
35.3437, 1184
34.8921, 1184
33.9433, 1185
35.1399, 1185
35.2344, 1186
34.9852, 1186
35.1871, 1187
35.2676, 1187
35.0788, 1188
35.2249, 1188
35.1023, 1189
35.0319, 1189
35.0179, 1190
35.2249, 1190
35.0741, 1191
35.2013, 1191
35.1494, 1192
35.1352, 1192
35.3008, 1193
35.2155, 1193
35.3246, 1194
35.0929, 1194
35.1541, 1195
35.1824, 1195
34.8596, 1196
35.1682, 1196
34.8272, 1197
34.9852, 1197
35.2818, 1198
35.1305, 1198
35.2107, 1199
35.1494, 1199
34.9665, 1200
35.0554, 1200
34.9852, 1201
34.8828, 1201
34.9153, 1202
34.339, 1202
34.804, 1203
33.4325, 1203
34.1467, 1204
34.4881, 1204
34.57, 1205
34.5608, 1205
34.6431, 1206
34.2806, 1206
33.9917, 1207
34.4021, 1207
34.4383, 1208
34.33, 1208
33.5867, 1209
34.4836, 1209
34.7119, 1210
34.6248, 1210
34.6385, 1211
34.0093, 1211
33.4752, 1212
33.9213, 1212
33.9873, 1213
34.2091, 1213
33.1199, 1214
33.8512, 1214
33.6946, 1215
34.666, 1215
34.7211, 1216
34.5791, 1216
34.529, 1217
34.4881, 1217
34.6476, 1218
34.5199, 1218
34.1289, 1219
33.9741, 1219
34.2091, 1220
34.2672, 1220
34.3705, 1221
34.1867, 1221
34.1734, 1222
34.4881, 1222
34.3345, 1223
34.321, 1223
34.2851, 1224
34.1645, 1224
34.2672, 1225
34.366, 1225
34.3435, 1226
34.1912, 1226
34.2225, 1227
34.4156, 1227
33.7423, 1228
34.0403, 1228
34.0712, 1229
33.9873, 1229
34.0889, 1230
34.0314, 1230
33.9697, 1231
33.7684, 1231
34.0049, 1232
33.3559, 1232
33.3177, 1233
33.9345, 1233
33.5137, 1234
33.8381, 1234
33.6816, 1235
33.6989, 1235
33.9125, 1236
33.5394, 1236
33.8207, 1237
33.4197, 1237
33.7858, 1238
33.6039, 1238
33.7597, 1239
33.7119, 1239
33.208, 1240
33.8294, 1240
33.6211, 1241
33.4282, 1241
33.5523, 1242
33.6298, 1242
33.5523, 1243
33.5137, 1243
33.5867, 1244
33.5781, 1244
33.3984, 1245
33.5523, 1245
33.4026, 1246
33.6557, 1246
33.2038, 1247
33.488, 1247
33.3686, 1248
33.1744, 1248
33.305, 1249
33.3262, 1249
33.2501, 1250
33.3135, 1250
33.3347, 1251
33.2797, 1251
33.3899, 1252
33.322, 1252
33.187, 1253
33.3644, 1253
33.4367, 1254
33.2417, 1254
33.208, 1255
33.548, 1255
33.4538, 1256
33.7771, 1256
33.6384, 1257
33.5738, 1257
33.5137, 1258
33.2628, 1258
33.3644, 1259
32.5685, 1260
33.1492, 1260
33.1786, 1261
33.1534, 1261
33.0531, 1262
33.2924, 1262
33.2206, 1263
33.4923, 1264
33.2881, 1264
33.1366, 1265
33.0239, 1265
33.2501, 1266
33.4026, 1266
33.3135, 1267
33.3686, 1267
33.3305, 1268
33.1325, 1268
33.2038, 1269
33.2755, 1269
33.4581, 1270
33.5566, 1270
33.3814, 1271
33.4282, 1271
33.548, 1272
33.1492, 1272
33.518, 1273
33.5566, 1273
33.4923, 1274
33.4239, 1274
33.4709, 1275
31.7943, 1275
31.9182, 1276
32.3156, 1277
32.5483, 1278
32.1412, 1279
33.0906, 1280
33.0031, 1280
33.2038, 1281
33.0823, 1281
33.3262, 1282
33.0281, 1282
33.2755, 1283
33.1283, 1283
32.9907, 1284
33.0031, 1284
32.912, 1285
32.7762, 1285
32.8254, 1286
32.6456, 1286
32.4918, 1287
32.6496, 1287
32.52, 1288
32.67, 1289
32.5443, 1290
32.6171, 1290
32.5766, 1291
32.609, 1292
32.5726, 1292
32.3555, 1293
31.5874, 1294
32.4556, 1295
32.3555, 1295
32.0822, 1296
30.5921, 1297
32.244, 1298
30.5387, 1299
32.7926, 1300
30.4323, 1300
32.8625, 1301
32.7026, 1302
32.7312, 1302
32.6578, 1303
32.5807, 1303
32.1294, 1304
32.3196, 1304
32.4436, 1305
32.1807, 1306
32.0744, 1307
31.8252, 1308
32.0587, 1309
31.961, 1310
32.1452, 1311
32.2044, 1312
32.1176, 1313
32.0469, 1314
28.2971, 1315
29.3949, 1316
32.1728, 1317
32.2163, 1318
32.1334, 1319
32.2203, 1320
32.161, 1321
32.1728, 1322
32.1216, 1323
32.0039, 1324
31.9571, 1325
32.0822, 1326
31.9688, 1327
31.8755, 1328
32.0391, 1329
31.9065, 1330
31.8406, 1331
31.9454, 1332
31.9065, 1333
32.1216, 1334
32.0822, 1335
31.9649, 1336
31.9337, 1337
32.0352, 1338
31.9298, 1339
31.8871, 1340
31.802, 1341
31.595, 1342
31.8949, 1343
31.7982, 1344
31.6561, 1345
31.6408, 1346
31.6484, 1347
31.5874, 1348
29.7992, 1349
31.2821, 1350
30.8695, 1351
31.2746, 1352
30.9059, 1353
30.5779, 1354
30.7753, 1355
31.0377, 1356
30.9497, 1357
31.1668, 1358
30.39, 1359
31.0818, 1360
31.0781, 1361
31.1298, 1362
30.7898, 1363
30.4748, 1364
30.8986, 1365
30.5921, 1366
31.0487, 1367
30.6171, 1368
30.0142, 1369
30.028, 1370
30.1004, 1371
29.9183, 1372
29.8978, 1373
30.1211, 1374
29.84, 1375
30.1211, 1376
29.9799, 1377
29.2767, 1378
29.6074, 1379
30.6458, 1380
30.8477, 1381
30.8223, 1382
30.9387, 1383
30.9826, 1384
30.8841, 1385
30.4041, 1386
30.6171, 1387
30.6279, 1388
30.2358, 1389
30.4253, 1390
30.3829, 1391
30.5173, 1392
30.2882, 1393
30.397, 1394
30.2532, 1395
30.2707, 1396
30.2114, 1397
30.2218, 1398
30.2427, 1399
30.187, 1400
30.1454, 1401
30.1246, 1402
30.1627, 1403
30.1592, 1404
30.1766, 1405
30.1107, 1406
30.1801, 1407
30.128, 1408
30.1004, 1409
30.1142, 1410
30.052, 1411
30.0005, 1412
29.997, 1413
29.9593, 1414
29.8978, 1415
29.9012, 1416
29.6543, 1417
29.574, 1418
29.5807, 1419
29.5874, 1420
29.554, 1421
29.6778, 1422
29.5673, 1423
29.4345, 1424
29.4081, 1425
29.6744, 1426
29.5473, 1427
29.5108, 1428
29.2245, 1429
29.4081, 1430
29.4577, 1431
29.5074, 1432
29.339, 1433
29.3916, 1434
29.4015, 1435
29.3554, 1436
29.28, 1437
29.1952, 1438
29.166, 1439
29.2571, 1440
28.1815, 1441
28.9438, 1442
28.7344, 1443
28.5653, 1444
27.5304, 1445
28.1331, 1446
28.7124, 1447
28.556, 1448
28.2574, 1449
27.9441, 1450
28.6716, 1451
28.0009, 1452
27.9889, 1453
28.0939, 1454
28.497, 1455
28.2605, 1456
28.2361, 1457
28.3951, 1458
28.4722, 1459
28.2849, 1460
28.3706, 1461
28.3522, 1462
28.2118, 1463
28.127, 1464
28.3032, 1465
27.968, 1466
28.0338, 1467
28.2879, 1468
28.294, 1469
28.3736, 1470
28.3951, 1471
28.609, 1472
28.5373, 1473
28.5467, 1474
28.3491, 1475
28.3399, 1476
28.2209, 1477
28.3246, 1478
28.112, 1479
27.9561, 1480
28.3614, 1481
28.3062, 1482
28.3399, 1483
28.3093, 1484
28.1633, 1485
28.2209, 1486
28.227, 1487
28.23, 1488
28.2179, 1489
28.1936, 1490
28.1603, 1491
28.2483, 1492
28.2422, 1493
28.0548, 1494
28.0068, 1495
28.115, 1496
27.9889, 1497
27.1286, 1498
27.8936, 1499
26.8068, 1500
25.2645, 1501
27.568, 1502
27.6348, 1503
27.7313, 1504
27.7166, 1505
27.5854, 1506
27.5912, 1507
27.513, 1508
27.5535, 1509
27.7489, 1510
27.7489, 1511
27.4986, 1512
27.4238, 1513
27.2641, 1514
27.597, 1515
27.4842, 1516
27.5535, 1517
27.5159, 1518
27.4698, 1519
27.4324, 1520
27.3637, 1521
27.2783, 1522
27.2329, 1523
27.2103, 1524
27.2612, 1525
27.3237, 1526
27.3722, 1527
27.338, 1528
27.2499, 1529
27.3124, 1530
27.3951, 1531
27.4037, 1532
27.4209, 1533
27.4152, 1534
27.2641, 1535
27.3209, 1536
27.3751, 1537
27.4583, 1538
26.8013, 1539
27.2046, 1540
27.1427, 1541
27.0586, 1542
27.1764, 1543
26.6109, 1544
26.7931, 1545
27.1006, 1546
27.1934, 1547
27.1821, 1548
22.8747, 1549
26.8921, 1550
27.1455, 1551
26.9197, 1552
27.0614, 1553
26.8921, 1554
26.9031, 1555
26.9668, 1556
26.9252, 1557
27.0029, 1558
26.665, 1559
26.7439, 1560
26.9335, 1561
26.9668, 1562
26.9142, 1563
26.9751, 1564
27.0084, 1565
26.6678, 1566
26.7385, 1567
26.5167, 1568
26.6678, 1569
26.2959, 1570
25.7256, 1571
26.7494, 1572
26.5462, 1573
26.7003, 1574
26.6786, 1575
26.5489, 1576
26.4125, 1577
26.6244, 1578
26.5651, 1579
26.37, 1580
26.3012, 1581
25.9138, 1582
26.3594, 1583
25.9369, 1584
26.4658, 1585
26.2775, 1586
26.4045, 1587
26.3567, 1588
26.3806, 1589
25.5178, 1590
26.0012, 1591
26.1074, 1592
26.1542, 1593
26.1516, 1594
26.3488, 1595
26.3912, 1596
26.3912, 1597
26.1204, 1598
25.9036, 1599
25.2134, 1600
25.6576, 1601
26.2564, 1602
26.1856, 1603
26.1882, 1604
26.3806, 1605
26.0658, 1606
26.3091, 1607
26.1126, 1608
26.238, 1609
26.11, 1610
26.1699, 1611
26.097, 1612
26.0322, 1613
25.9729, 1614
26.0581, 1615
26.0038, 1616
25.9986, 1617
25.978, 1618
25.6451, 1619
25.7054, 1620
25.8372, 1621
25.4855, 1622
25.7914, 1623
25.6928, 1624
25.7711, 1625
25.6878, 1626
25.5327, 1627
25.7863, 1628
25.7433, 1629
25.7509, 1630
25.5875, 1631
25.7762, 1632
25.57, 1633
25.6652, 1634
25.6752, 1635
25.6551, 1636
25.4756, 1637
25.565, 1638
25.4558, 1639
25.5377, 1640
25.1723, 1641
25.323, 1642
25.4163, 1643
25.2523, 1644
25.4806, 1645
24.4857, 1646
25.0807, 1647
25.2742, 1648
25.4016, 1649
25.2742, 1650
25.5054, 1651
25.4311, 1652
25.2888, 1653
25.2742, 1654
25.1529, 1655
24.9092, 1656
25.2499, 1657
25.2791, 1658
25.1965, 1659
25.1868, 1660
25.2986, 1661
25.2401, 1662
25.1578, 1663
25.2499, 1664
25.0904, 1665
25.2499, 1666
25.2596, 1667
25.1626, 1668
25.1723, 1669
25.1, 1670
25.1192, 1671
25.1288, 1672
25.0712, 1673
25.1433, 1674
25.211, 1675
25.1096, 1676
25.124, 1677
24.8336, 1678
24.9851, 1679
25.052, 1680
25.0233, 1681
25.0281, 1682
24.9376, 1683
25.0424, 1684
25.0376, 1685
24.9186, 1686
24.9186, 1687
24.9186, 1688
24.9044, 1689
24.6283, 1690
24.684, 1691
24.7492, 1692
24.7492, 1693
24.7914, 1694
24.596, 1695
24.5914, 1696
24.7446, 1697
24.5914, 1698
24.6654, 1699
24.5545, 1700
24.6237, 1701
24.6793, 1702
24.7073, 1703
24.5729, 1704
24.6098, 1705
24.183, 1706
22.6142, 1707
23.1863, 1708
23.8921, 1709
23.5318, 1710
24.4629, 1711
24.3402, 1712
24.4949, 1713
24.4446, 1714
24.2009, 1715
24.4355, 1716
24.3946, 1717
24.4903, 1718
24.472, 1719
24.0147, 1720
24.2009, 1721
24.2501, 1722
24.1563, 1723
24.183, 1724
24.2098, 1725
24.183, 1726
24.1207, 1727
24.2143, 1728
24.1741, 1729
24.1474, 1730
24.0543, 1731
24.0941, 1732
24.0411, 1733
23.7837, 1734
23.927, 1735
23.8269, 1736
24.0632, 1737
24.0455, 1738
24.0191, 1739
24.0587, 1740
23.9182, 1741
24.0015, 1742
23.9532, 1743
23.9401, 1744
23.8573, 1745
23.9357, 1746
24.0015, 1747
23.9182, 1748
23.962, 1749
23.8703, 1750
23.5107, 1751
23.1372, 1752
23.8703, 1753
23.8313, 1754
23.8834, 1755
23.7923, 1756
23.6934, 1757
23.5065, 1758
23.8356, 1759
23.788, 1760
23.7837, 1761
23.7492, 1762
23.7149, 1763
23.6977, 1764
23.7106, 1765
23.7106, 1766
23.6763, 1767
23.5529, 1768
23.5107, 1769
23.281, 1770
23.1945, 1771
22.8907, 1772
23.5065, 1773
23.2934, 1774
23.2934, 1775
22.669, 1776
22.7674, 1777
22.8348, 1778
22.7161, 1779
22.7477, 1780
22.6025, 1781
22.5558, 1782
22.066, 1783
22.3596, 1784
23.0477, 1785
23.3307, 1786
23.2562, 1787
23.2562, 1788
22.8987, 1789
23.1699, 1790
23.174, 1791
23.2027, 1792
23.1127, 1793
23.2851, 1794
22.5442, 1795
22.8907, 1796
23.0072, 1797
22.9709, 1798
22.9669, 1799
22.9227, 1800
23.0436, 1801
22.9027, 1802
22.9629, 1803
22.7793, 1804
22.8508, 1805
22.9267, 1806
22.9187, 1807
22.9027, 1808
22.8627, 1809
22.6768, 1810
22.815, 1811
22.7319, 1812
22.7714, 1813
22.7004, 1814
22.8947, 1815
22.7122, 1816
22.8747, 1817
22.2949, 1818
22.2118, 1819
22.1555, 1820
22.3367, 1821
22.3253, 1822
22.5753, 1823
22.3405, 1824
22.3215, 1825
22.5326, 1826
22.163, 1827
22.7912, 1828
22.6416, 1829
22.5094, 1830
22.5986, 1831
22.7832, 1832
22.6064, 1833
22.6025, 1834
22.2194, 1835
22.2684, 1836
22.5132, 1837
21.7764, 1838
21.8928, 1839
21.7043, 1840
21.7511, 1841
20.6901, 1842
21.849, 1843
22.4515, 1844
22.3025, 1845
21.8344, 1846
22.5365, 1847
22.4016, 1848
22.4785, 1849
22.3329, 1850
22.5132, 1851
22.4862, 1852
22.5132, 1853
22.4438, 1854
22.3101, 1855
22.3978, 1856
22.3177, 1857
22.4477, 1858
22.4477, 1859
22.3825, 1860
22.4131, 1861
22.2382, 1862
22.2684, 1863
22.1705, 1864
22.2382, 1865
18.5078, 1866
19.9137, 1867
22.1181, 1868
22.2495, 1869
22.2609, 1870
22.3063, 1871
22.242, 1872
22.1555, 1873
22.2081, 1874
22.1705, 1875
22.0623, 1876
22.0771, 1877
21.9147, 1878
22.1518, 1879
22.0252, 1880
22.0437, 1881
21.849, 1882
22.003, 1883
21.7836, 1884
21.9772, 1885
21.8381, 1886
21.9809, 1887
21.445, 1888
21.7619, 1889
21.5614, 1890
21.8782, 1891
21.9074, 1892
21.9478, 1893
21.9147, 1894
21.9551, 1895
21.8126, 1896
21.9147, 1897
21.8782, 1898
21.8599, 1899
21.849, 1900
21.7872, 1901
21.733, 1902
21.7186, 1903
21.8054, 1904
21.8162, 1905
21.7764, 1906
21.8162, 1907
21.7945, 1908
21.7222, 1909
21.733, 1910
21.6362, 1911
21.6076, 1912
21.6755, 1913
21.5685, 1914
21.6433, 1915
21.5473, 1916
21.5756, 1917
21.3716, 1918
21.519, 1919
21.5934, 1920
21.629, 1921
21.6398, 1922
21.6219, 1923
21.6005, 1924
21.597, 1925
21.6148, 1926
21.4591, 1927
21.4205, 1928
21.4872, 1929
20.3971, 1930
21.3751, 1931
21.2091, 1932
21.3716, 1933
21.2091, 1934
21.417, 1935
21.2848, 1936
21.3368, 1937
21.3855, 1938
21.2917, 1939
21.1304, 1940
21.2262, 1941
21.3091, 1942
21.3299, 1943
21.2331, 1944
21.316, 1945
21.3403, 1946
21.3542, 1947
21.3438, 1948
21.403, 1949
21.2538, 1950
21.3333, 1951
21.2641, 1952
21.1782, 1953
21.2952, 1954
21.3195, 1955
21.1919, 1956
21.0659, 1957
21.2297, 1958
21.2022, 1959
21.0761, 1960
21.1816, 1961
21.0422, 1962
20.9883, 1963
21.0828, 1964
21.0119, 1965
20.2272, 1966
20.9213, 1967
20.7589, 1968
20.938, 1969
20.9046, 1970
21.0018, 1971
20.9213, 1972
21.0051, 1973
20.9648, 1974
20.9548, 1975
21.0051, 1976
21.0287, 1977
20.9682, 1978
20.9313, 1979
20.985, 1980
20.9213, 1981
20.7787, 1982
20.8747, 1983
20.8713, 1984
20.9414, 1985
20.8946, 1986
20.9046, 1987
20.8117, 1988
20.6999, 1989
20.713, 1990
20.7919, 1991
20.8183, 1992
20.7065, 1993
20.8846, 1994
20.8647, 1995
20.815, 1996
20.782, 1997
20.8946, 1998
20.8117, 1999
20.898, 2000
20.8713, 2000
20.8713, 2000
20.7458, 2000
20.7622, 2000
20.7688, 2000
20.7163, 2000
20.7721, 2000
20.6283, 2000
20.7097, 2000
20.7228, 2000
20.6934, 2000
20.7261, 2000
20.6673, 2000
20.6088, 2000
20.6413, 2000
20.782, 2000
19.8054, 2000
19.8384, 2000
19.8624, 2000
19.8504, 2000
19.8775, 2000
20.0079, 2000
20.6478, 2000
20.8249, 2000
20.878, 2000
20.8348, 2000
20.8747, 2000
20.878, 2000
20.9313, 2000
20.888, 2000
20.868, 2000
20.8747, 2000
20.868, 2000
20.9782, 2000
20.8747, 2000
20.9013, 2000
20.9682, 2000
20.878, 2000
20.918, 2000
20.9246, 2000
20.898, 2000
20.8946, 2000
20.9514, 2000
20.8348, 2000
20.6575, 2000
20.9013, 2000
20.868, 2000
20.8382, 2000
20.8647, 2000
20.8647, 2000
20.3971, 2000
20.9481, 2000
20.9548, 2000
20.9414, 2000
20.815, 2000
17.201, 2000
20.2584, 2000
20.8249, 2000
20.9816, 2000
20.8547, 2000
20.8747, 2000
20.9046, 2000
20.8813, 2000
20.541, 2000
20.8382, 2000
20.8282, 2000
20.9615, 2000
20.9715, 2000
20.868, 2000
20.6999, 2000
20.7952, 2000
20.7032, 2000
20.736, 2000
20.7392, 2000
20.7392, 2000
20.8415, 2000
20.8117, 2000
20.815, 2000
20.8415, 2000
20.7228, 2000
20.5539, 2000
20.7622, 2000
20.7097, 2000
20.7491, 2000
20.6934, 2000
20.8315, 2000
20.815, 2000
20.8713, 2000
20.888, 2000
20.8647, 2000
20.8747, 2000
20.8581, 2000
20.7688, 2000
20.878, 2000
20.7491, 2000
20.8216, 2000
20.8117, 2000
20.9246, 2000
21.0085, 2000
20.7261, 2000
20.57, 2000
20.3024, 2000
20.5926, 2000
20.1587, 2000
20.6673, 2000
20.3718, 2000
20.5668, 2000
20.6445, 2000
18.862, 2000
20.7196, 2000
20.9213, 2000
20.9246, 2000
20.9481, 2000
20.9313, 2000
20.8382, 2000
20.8846, 2000
20.8481, 2000
20.8581, 2000
20.8084, 2000
20.918, 2000
20.7655, 2000
20.8713, 2000
20.7524, 2000
20.6999, 2000
20.7097, 2000
20.5991, 2000
20.6608, 2000
20.713, 2000
20.8514, 2000
20.7557, 2000
20.0754, 2000
20.8813, 2000
20.2303, 2000
20.8051, 2000
20.9883, 2000
20.9648, 2000
21.1236, 2000
21.0625, 2000
20.9347, 2000
21.0693, 2000
20.9749, 2000
21.1406, 2000
21.0422, 2000
21.1543, 2000
21.1816, 2000
21.1714, 2000
21.1953, 2000
21.1851, 2000
21.1543, 2000
21.0964, 2000
21.1475, 2000
21.093, 2000
21.0152, 2000
21.0321, 2000
20.9347, 2000
20.9682, 2000
21.0321, 2000
20.9514, 2000
20.985, 2000
20.938, 2000
21.0085, 2000
20.9514, 2000
20.9581, 2000
20.9749, 2000
20.9648, 2000
20.9615, 2000
20.9246, 2000
20.7985, 2000
20.9917, 2000
20.9213, 2000
20.9113, 2000
20.9046, 2000
20.7952, 2000
20.7655, 2000
20.7754, 2000
20.8481, 2000
20.898, 2000
20.9548, 2000
20.9615, 2000
20.9146, 2000
20.8282, 2000
20.868, 2000
20.868, 2000
20.8348, 2000
20.8581, 2000
20.8282, 2000
20.8348, 2000
20.9414, 2000
20.736, 2000
20.908, 2000
20.6706, 2000
20.8382, 2000
20.8183, 2000
20.868, 2000
20.8249, 2000
20.7721, 2000
20.8946, 2000
20.8946, 2000
20.8348, 2000
20.7196, 2000
20.7655, 2000
20.2303, 2000
20.8018, 2000
20.7327, 2000
20.7721, 2000
20.4864, 2000
20.7655, 2000
20.7065, 2000
20.7557, 2000
20.7392, 2000
20.6575, 2000
20.612, 2000
20.6445, 2000
20.541, 2000
20.2647, 2000
20.6967, 2000
20.6478, 2000
20.6315, 2000
20.651, 2000
19.8986, 2000
19.2413, 2000
20.5378, 2000
20.5926, 2000
20.3149, 2000
20.5603, 2000
20.4608, 2000
20.5506, 2000
20.57, 2000
20.4768, 2000
20.496, 2000
20.5894, 2000
20.5991, 2000
20.1929, 2000
20.5635, 2000
20.5442, 2000
20.541, 2000
20.5765, 2000
20.5894, 2000
20.6413, 2000
20.5732, 2000
20.6283, 2000
20.394, 2000
20.5539, 2000
20.4832, 2000
20.541, 2000
20.5539, 2000
20.4576, 2000
20.57, 2000
20.6348, 2000
20.5861, 2000
20.5635, 2000
20.5313, 2000
20.4449, 2000
20.5281, 2000
20.4098, 2000
20.5539, 2000
20.394, 2000
20.4704, 2000
20.4928, 2000
20.1309, 2000
17.9871, 2000
20.4321, 2000
18.144, 2000
20.448, 2000
20.3813, 2000
20.6478, 2000
20.5506, 2000
20.448, 2000
20.4576, 2000
20.4768, 2000
20.4672, 2000
20.464, 2000
20.4162, 2000
20.464, 2000
20.4608, 2000
20.4864, 2000
20.3433, 2000
20.4289, 2000
20.4098, 2000
20.4672, 2000
20.4768, 2000
20.4035, 2000
20.2053, 2000
20.3781, 2000
20.3465, 2000
20.4035, 2000
20.4098, 2000
20.4768, 2000
20.48, 2000
20.4576, 2000
20.4226, 2000
20.3844, 2000
20.5345, 2000
20.4768, 2000
20.4928, 2000
20.0846, 2000
20.3086, 2000
20.0477, 2000
20.3086, 2000
20.3781, 2000
20.5024, 2000
20.4035, 2000
20.4385, 2000
20.4768, 2000
20.2147, 2000
20.4544, 2000
20.4385, 2000
20.4512, 2000
20.3686, 2000
20.4608, 2000
20.5056, 2000
20.4608, 2000
20.3623, 2000
20.464, 2000
20.3623, 2000
20.3086, 2000
20.4353, 2000
20.4003, 2000
19.9896, 2000
20.4067, 2000
20.4385, 2000
20.3055, 2000
20.3908, 2000
20.3686, 2000
20.3402, 2000
20.3118, 2000
20.4417, 2000
20.3212, 2000
20.356, 2000
20.3686, 2000
20.3718, 2000
20.2428, 2000
19.3436, 2000
19.2526, 2000
19.2696, 2000
19.2385, 2000
19.2781, 2000
19.1458, 2000
19.3521, 2000
19.2272, 2000
19.298, 2000
19.3236, 2000
19.298, 2000
19.2583, 2000
19.2442, 2000
19.2526, 2000
19.2923, 2000
19.2668, 2000
19.2923, 2000
19.2753, 2000
19.2442, 2000
19.1598, 2000
19.2838, 2000
19.2895, 2000
19.264, 2000
19.2019, 2000
19.2216, 2000
19.1262, 2000
19.2357, 2000
19.2555, 2000
19.2272, 2000
19.2498, 2000
19.1991, 2000
19.3179, 2000
19.247, 2000
19.1682, 2000
19.2413, 2000
19.1738, 2000
19.2611, 2000
19.281, 2000
19.1598, 2000
19.2952, 2000
19.2781, 2000
19.2555, 2000
19.2838, 2000
19.1878, 2000
19.0956, 2000
19.1458, 2000
19.5135, 2000
20.224, 2000
20.1991, 2000
20.2178, 2000
20.2929, 2000
19.9531, 2000
20.2116, 2000
20.1711, 2000
20.2772, 2000
20.3212, 2000
20.2866, 2000
20.1463, 2000
20.1278, 2000
20.2397, 2000
20.271, 2000
20.3591, 2000
20.2522, 2000
20.3024, 2000
20.2835, 2000
20.2178, 2000
20.2992, 2000
20.3024, 2000
20.2553, 2000
20.3118, 2000
20.2616, 2000
20.2647, 2000
20.3781, 2000
20.3149, 2000
20.2772, 2000
20.3212, 2000
20.3118, 2000
20.3623, 2000
20.2553, 2000
20.249, 2000
20.2584, 2000
20.2303, 2000
20.3118, 2000
20.2804, 2000
19.6274, 2000
20.1804, 2000
20.2116, 2000
19.7666, 2000
20.2459, 2000
19.2131, 2000
19.6451, 2000
20.1711, 2000
20.2804, 2000
20.249, 2000
20.2741, 2000
19.6098, 2000
20.0661, 2000
20.0569, 2000
19.8474, 2000
19.7101, 2000
20.0508, 2000
20.0232, 2000
19.8835, 2000
19.8414, 2000
19.9866, 2000
20.2741, 2000
20.2804, 2000
20.06, 2000
20.1742, 2000
20.3086, 2000
20.3024, 2000
20.1494, 2000
19.9714, 2000
19.9228, 2000
20.2553, 2000
20.2929, 2000
20.3433, 2000
20.3339, 2000
20.249, 2000
20.2804, 2000
20.2272, 2000
19.4354, 2000
19.6746, 2000
20.2584, 2000
20.337, 2000
20.2992, 2000
20.3433, 2000
20.0355, 2000
20.2804, 2000
20.3339, 2000
20.2866, 2000
20.2741, 2000
20.2365, 2000
20.3212, 2000
20.3086, 2000
19.9957, 2000
20.2929, 2000
20.2428, 2000
20.2334, 2000
20.3118, 2000
20.2553, 2000
20.271, 2000
20.3086, 2000
20.3086, 2000
20.137, 2000
20.2929, 2000
20.2961, 2000
20.3275, 2000
20.3339, 2000
20.1185, 2000
20.3181, 2000
20.2365, 2000
20.3433, 2000
20.2178, 2000
20.2522, 2000
20.2898, 2000
20.3149, 2000
20.2209, 2000
19.9896, 2000
20.3086, 2000
20.2334, 2000
20.2835, 2000
20.1898, 2000
20.2647, 2000
20.1991, 2000
20.2804, 2000
20.1991, 2000
20.1556, 2000
20.2272, 2000
20.2898, 2000
20.1649, 2000
20.2584, 2000
20.2147, 2000
20.1401, 2000
19.9349, 2000
20.06, 2000
20.1773, 2000
20.2616, 2000
20.2929, 2000
20.2553, 2000
20.2147, 2000
20.2522, 2000
20.2147, 2000
20.2866, 2000
20.2804, 2000
20.2428, 2000
20.2334, 2000
20.3118, 2000
20.1123, 2000
20.0416, 2000
20.2804, 2000
20.0846, 2000
20.2365, 2000
20.2365, 2000
20.2334, 2000
20.1525, 2000
20.2804, 2000
20.2804, 2000
20.1154, 2000
19.1906, 2000
19.5776, 2000
18.9959, 2000
17.57, 2000
19.2244, 2000
15.413, 2000
20.0293, 2000
19.2583, 2000
19.7964, 2000
19.9896, 2000
18.6023, 2000
19.4354, 2000
18.6765, 2000
19.8293, 2000
20.1494, 2000
19.9592, 2000
20.2522, 2000
20.2428, 2000
20.2678, 2000
20.2428, 2000
20.2772, 2000
20.3118, 2000
20.3024, 2000
20.3024, 2000
20.3465, 2000
20.2553, 2000
20.3244, 2000
20.2272, 2000
20.2678, 2000
20.2334, 2000
20.2835, 2000
20.3118, 2000
20.2961, 2000
20.2804, 2000
20.2647, 2000
19.9228, 2000
20.2334, 2000
20.3149, 2000
20.3307, 2000
20.2898, 2000
20.2397, 2000
20.3465, 2000
20.2397, 2000
20.2804, 2000
20.2147, 2000
20.2428, 2000
20.1556, 2000
19.8323, 2000
20.1432, 2000
20.1494, 2000
20.1742, 2000
20.0815, 2000
20.2741, 2000
20.3086, 2000
20.2898, 2000
20.2053, 2000
20.2428, 2000
20.0815, 2000
20.2303, 2000
20.2741, 2000
20.2992, 2000
20.2961, 2000
20.2741, 2000
20.2835, 2000
20.2741, 2000
20.2678, 2000
20.2772, 2000
20.2992, 2000
20.3149, 2000
20.3339, 2000
20.2397, 2000
20.2116, 2000
20.3591, 2000
20.3433, 2000
20.2898, 2000
20.1742, 2000
20.3275, 2000
20.168, 2000
20.2647, 2000
20.2647, 2000
20.3591, 2000
20.3433, 2000
20.2522, 2000
20.1836, 2000
20.3149, 2000
19.9531, 2000
19.5367, 2000
19.129, 2000
19.2075, 2000
18.4116, 2000
19.4903, 2000
19.716, 2000
19.3807, 2000
19.9927, 2000
20.1, 2000
20.1618, 2000
18.6712, 2000
17.3307, 2000
20.0569, 2000
17.0489, 2000
20.2866, 2000
20.1929, 2000
20.2961, 2000
20.2835, 2000
20.3781, 2000
19.4469, 2000
19.1766, 2000
19.2895, 2000
18.9356, 2000
19.947, 2000
20.06, 2000
19.3893, 2000
18.9767, 2000
18.9356, 2000
19.5193, 2000
19.7576, 2000
20.1062, 2000
20.224, 2000
20.2992, 2000
20.271, 2000
20.2272, 2000
20.3496, 2000
20.249, 2000
19.5426, 2000
20.0723, 2000
20.0846, 2000
19.0014, 2000
19.4123, 2000
19.7041, 2000
20.1123, 2000
20.3118, 2000
20.2209, 2000
19.3179, 2000
19.7695, 2000
20.1898, 2000
20.2647, 2000
20.0846, 2000
20.2866, 2000
20.3339, 2000
20.356, 2000
20.3465, 2000
20.3528, 2000
20.3433, 2000
20.2772, 2000
20.2804, 2000
20.3149, 2000
20.2835, 2000
20.3149, 2000
20.2741, 2000
20.2961, 2000
6.40313, 2000
